239.49406
407.72314
220.95331
173.95302
493.7388
361.81497
694.8021
513.61804
664.36957
816.38336
948.1446
854.4139
975.0811
1036.5682
750.4416
949.95013
1760.8201
617.80615
503.94775
448.59348
669.53577
670.7226
625.8786
1266.7991
3039.2148
2100.8496
785.572
1299.4124
574.3244
1002.9492
1322.1829
1046.878
4058.5518
1953.0219
714.08105
661.1326
693.9445
345.7403
338.81897
656.9465
2122.7354
2991.7283
708.6079
747.1173
602.5662
665.2437
747.9154
709.6792
1655.2511
907.04034
818.79755
371.31842
373.6702
939.9937
544.3179
880.1745
342.30435
803.8036
549.7572
881.7396
1353.7755
756.0387
299.32864
553.10284
1105.8914
1446.4774
1147.1876
910.62885
916.3608
841.6538
430.5188
414.4998
754.6518
475.7892
989.5102
816.828
999.97406
673.554
418.16492
637.1525
1246.406
499.12833
962.3657
514.0246
504.3712
618.66327
522.6089
1069.4447
483.34027
957.3674
1103.8057
776.6771
532.41943
746.42114
506.27524
416.37555
1368.6494
903.3848
858.0073
467.18338
804.3081
747.5386
628.3427
767.6894
537.7472
712.2426
581.48
1097.7703
1182.0024
793.55457
624.1229
658.6185
449.03458
250.69356
427.08197
394.77493
312.89252
255.4765
468.47192
305.8585
365.1805
363.00357
379.0035
344.0426
261.32822
267.4908
398.46924
475.30035
1076.5344
639.8327
877.7355
695.7011
415.47208
409.78055
503.281
516.88153
696.18976
504.2276
406.66815
964.3711
317.06522
614.8801
518.7444
321.2537
670.41705
440.02307
986.9699
655.944
1086.7119
829.24713
1081.1703
616.4217
841.758
1048.7261
552.45966
906.56934
721.79675
910.00867
681.4028
980.92834
925.13776
601.6251
848.9209
900.78394
1037.7429
864.58356
991.1446
854.811
991.08276
655.0368
730.9294
1441.0104
1085.7114
944.37
883.5025
574.62933
992.1693
633.81506
1022.3455
913.5968
801.6937
850.0707
700.3893
976.511
955.3165
914.1058
748.7383
894.84814
639.05994
847.3868
911.96783
532.8057
1090.4027
728.47626
1116.9122
987.46716
1310.7902
828.2235
1079.6285
773.0148
1041.037
1004.145
952.1242
1167.3768
840.54895
509.57755
673.63794
759.987
998.65564
620.7832
633.79224
889.5585
1066.919
1067.3579
880.5281
707.2044
1153.9987
976.9836
916.8825
840.7483
734.266
803.89105
466.66843
522.7967
678.8431
446.09692
869.7454
725.7167
1047.6443
913.4581
885.02673
955.92664
995.1745
802.2233
857.42126
842.55194
731.1761
511.2354
333.89117
461.59192
432.4377
480.94397
651.065
637.17267
848.52765
578.50964
768.3373
1048.7224
635.2229
694.86914
684.2355
649.94
631.5259
301.05493
290.53116
324.89243
501.1915
586.86755
491.07965
637.493
666.4747
351.75668
1139.2408
340.02246
682.7343
753.56384
1065.6376
597.1418
693.879
738.14545
547.077
457.22464
405.94595
388.33316
352.63992
266.2375
114.48281
407.86267
233.27965
158.31711
402.20065
165.83463
182.99106
265.23044
211.85445
148.19315
244.40515
152.96219
517.2416
342.97406
300.09677
471.75784
401.77325
692.2694
334.4935
370.69418
312.6794
313.328
317.1551
316.2354
249.87283
252.31316
322.76056
349.68155
520.3735
317.97266
737.6633
324.2519
396.54752
704.0782
1034.1265
708.98944
423.42337
323.7238
184.34978
372.27402
529.4329
591.1043
376.78207
350.9904
704.9649
296.0884
338.22696
558.97363
547.4193
542.2858
333.85977
325.22842
305.69852
409.43634
393.18936
552.36395
683.8727
386.4924
430.391
345.5288
652.6648
493.20804
450.8836
464.0351
351.23697
316.0616
376.20602
572.9054
325.91925
466.479
515.4963
580.5479
395.37186
432.92456
342.13647
367.38687
499.08917
620.6152
922.8164
646.6236
882.8574
422.2398
682.1233
247.08733
533.71924
248.6108
426.28015
650.7104
365.0005
706.24854
456.8018
342.3242
666.8947
597.7568
521.0875
742.8209
933.01086
1107.2269
1058.7274
648.5494
624.0998
728.8003
340.23483
706.705
343.90067
409.49213
339.06915
328.1437
1129.3607
613.39905
1256.281
777.2718
1023.27435
884.6343
551.8893
847.64514
621.3682
583.1951
514.4451
918.8002
399.7374
416.6323
431.7838
519.0814
954.0067
809.5422
1277.076
667.8254
1001.62445
892.5192
857.30005
606.4945
1056.0364
803.6011
383.701
633.0806
525.1466
887.20953
564.21094
630.43134
793.0084
260.48602
1129.973
742.20557
852.48157
820.74664
663.23334
649.06006
861.867
634.31915
475.34683
802.2876
883.44086
647.2582
439.59827
400.61038
1186.4705
544.4455
891.3368
613.35834
936.29395
595.65424
436.62405
601.47144
730.83655
637.70825
514.1326
516.32965
490.9828
624.8885
287.7743
244.45134
871.2836
418.21964
775.0579
589.42
561.3048
485.81784
344.61218
576.9486
649.1238
975.3468
494.589
735.1857
553.9522
307.47836
203.37126
215.03577
588.64777
409.19324
661.7404
842.4851
823.6678
453.7541
750.8764
669.4675
725.66284
623.3483
579.51953
381.90454
593.91284
625.60034
157.12311
208.28253
245.09102
368.36218
648.44855
967.99817
453.9339
965.4381
490.2036
821.364
1083.5774
965.93585
691.8754
575.0562
192.32416
167.58502
154.76184
262.02737
265.2736
254.70589
456.6192
479.63803
367.11774
1250.5406
706.5101
274.84653
195.17175
202.73466
244.55133
384.07272
108.32061
139.98509
134.57141
129.07555
437.5308
908.49414
522.472
501.0498
498.28076
392.43167
260.70657
1025.9426
761.98865
996.2217
613.58984
821.24445
1234.434
1081.4777
798.5699
481.15155
868.1715
603.72943
532.80884
582.3286
463.35355
297.56445
230.20476
300.23657
912.14594
680.467
137.14934
286.96487
258.83722
333.5373
320.13278
1012.22516
863.4198
942.03735
753.0669
608.7235
227.98778
224.04688
1113.4072
945.0004
811.548
194.8753
732.65826
1234.4081
1037.2252
1336.1783
784.74084
651.7448
1212.7726
512.768
234.51424
401.34848
338.4815
228.56786
241.35683
229.59103
543.1984
453.6936
306.86942
341.7791
496.09863
658.50494
967.6467
1223.7118
1599.3672
789.6513
535.60376
529.5152
348.8748
534.11304
579.4074
487.04407
365.07092
839.6563
567.1339
652.7246
900.07465
1198.2378
1022.91864
893.47156
631.3119
763.90826
925.2899
472.65872
636.1707
784.9858
494.08286
329.27798
572.1688
1095.6189
515.91284
884.9807
426.689
756.244
706.677
694.89233
1001.3787
787.2736
901.9218
823.0834
679.1476
1029.0079
778.5338
1112.1473
854.32825
646.6537
804.11566
752.6998
914.84674
784.4944
770.3037
627.8819
1239.9861
651.2993
760.5663
611.0274
733.4832
888.44257
880.61975
1286.7412
1042.1527
1182.8573
580.8897
492.39636
952.6275
779.08344
580.7019
435.1252
763.53394
936.7942
1076.9855
972.9236
1046.2543
1035.7202
1242.3474
846.2831
777.01953
612.34705
473.72385
794.45776
523.3963
792.4168
547.83484
676.2402
928.77625
678.89056
733.914
637.76013
940.84045
860.14526
673.9823
840.5425
838.2821
720.5861
403.08286
862.39667
748.6549
753.39215
537.1415
518.8751
981.28406
573.573
688.96313
607.9252
839.5756
677.0195
837.7553
637.54193
551.9092
379.10086
439.15433
652.9115
310.5425
730.1087
494.91446
335.4498
1016.9594
685.08826
1007.0806
806.9017
1106.082
913.34644
919.21906
721.1809
769.5738
600.9708
503.15546
519.8067
709.6954
596.3082
530.48425
489.87177
633.0829
522.1163
644.82135
910.95447
986.27167
706.3846
955.95844
485.52
1156.3894
424.16284
575.50903
510.7448
341.46838
900.3063
464.36346
629.22455
700.73413
411.35272
591.76044
738.9224
1072.7476
959.39355
643.96027
673.5224
773.3125
692.21387
467.9375
326.2523
310.89764
380.68536
289.73035
696.43555
304.56155
318.01987
238.4942
327.1855
404.0201
353.14304
405.42075
396.79486
287.96777
231.54044
253.01895
247.95108
279.47806
204.50798
219.88876
341.25723
731.8736
265.93396
431.22562
733.8312
414.7816
455.02902
525.86444
531.58795
675.5327
527.47797
451.8435
392.91406
399.90894
227.84279
575.141
282.4261
669.6352
319.38666
878.379
970.7786
902.93866
873.8849
764.76733
1206.7129
1098.2316
1004.5575
1282.872
1187.3406
831.8775
703.99176
1024.525
422.23215
1578.2329
682.4838
862.6951
598.6961
635.7623
507.0234
474.5578
516.35565
615.7005
942.8535
676.8605
640.5714
909.9237
365.02026
544.05145
372.98557
913.196
888.0264
487.24176
661.2604
392.79428
445.582
492.1373
418.5885
451.05182
644.64984
597.4121
672.60376
549.53046
457.09747
555.0466
821.05505
763.03876
650.6716
422.39468
913.0619
864.2754
279.46002
378.33624
554.81934
907.494
162.49057
300.5194
375.64648
379.99966
1183.5511
792.48456
757.2949
1306.077
849.5576
795.6005
1001.45123
1013.7946
480.36252
611.9558
744.90393
650.4069
891.91095
809.6204
901.6913
671.78235
1021.7894
1179.8468
1076.1427
1212.0054
839.98047
1174.6831
1140.021
1172.9447
405.38873
623.0773
648.2632
1385.0394
814.9854
884.6575
1182.6781
605.3623
898.1197
597.93933
549.5377
1226.7104
538.2442
545.9542
864.51465
1149.0826
592.8141
555.5419
1370.3265
1044.6935
1028.1699
1147.438
1115.9902
989.5008
760.23004
860.5037
996.3219
1361.4673
1677.0242
1142.3015
702.23535
727.32635
315.76938
493.21164
1025.9081
813.81177
781.6349
665.96277
1289.4133
1029.8518
1188.7185
396.83133
476.45114
658.75476
639.9103
878.6702
787.2575
519.278
281.30325
426.03156
528.9929
913.1455
764.6464
1168.8339
1312.8981
677.2415
951.4597
586.67737
432.72418
1247.5212
606.15875
1107.3337
676.26025
558.1333
403.47156
402.80408
498.8277
457.61218
666.5327
424.61987
685.53534
743.79065
587.3683
592.5138
518.02704
710.90295
791.5528
730.4147
556.77014
509.97717
507.65854
781.32465
722.2206
648.6045
940.4228
607.9317
722.51404
524.6117
549.9961
542.9325
748.8469
1336.5833
738.8672
1241.9581
666.7633
1197.6672
776.9561
1144.599
1393.8967
1367.0165
800.42523
799.3505
1091.1276
729.46625
533.0965
237.5175
841.003
1203.9087
663.10486
1120.4735
933.57935
826.75476
566.2829
521.2593
1045.697
774.0286
594.16766
685.0505
648.59955
534.93915
219.40215
440.0272
210.06927
798.5279
453.01813
768.9015
837.1768
689.7745
530.58044
620.5945
854.52496
881.9864
423.1708
584.943
980.3619
251.03386
614.88116
165.93604
331.23224
320.52295
451.0191
762.39026
839.9011
759.1786
959.2568
795.5807
668.3456
887.1777
503.10168
532.17957
554.4862
878.5477
305.51456
449.9373
255.39981
421.56845
346.41418
1174.3624
601.5868
890.21643
543.4321
191.19159
384.65637
312.73978
707.90674
158.20969
217.726
625.27637
222.8402
165.29851
257.06622
566.1335
700.9942
520.371
888.9721
1130.4745
815.77747
590.51984
932.5422
934.87354
957.3567
795.62555
905.15027
918.2622
862.74286
1026.0566
514.06915
1243.6316
381.774
854.4095
609.89825
748.89075
508.97366
669.61755
755.524
694.34125
774.8822
436.81046
880.79205
616.69165
661.7556
414.9758
323.67624
888.1596
525.5465
511.20923
884.72327
909.7195
474.85934
891.15106
558.1744
574.6366
1558.9004
756.66266
1257.0222
1003.46014
815.57196
400.31995
573.70435
929.43823
411.77313
987.6481
724.33075
828.9178
481.05527
906.54877
958.3118
422.00668
930.5556
832.5573
519.0008
702.4104
306.74188
738.0098
591.9239
1087.3906
382.14203
344.19757
431.2551
824.05914
311.92517
372.78372
497.20395
526.75134
758.4109
351.62927
436.23962
185.45326
439.34784
276.80246
254.17696
1100.2024
639.29987
363.19785
356.19696
354.2034
547.55817
663.2963
416.84613
446.78336
315.44193
441.36288
654.33215
337.19446
523.0368
396.261
291.2232
958.71313
733.1093
557.5446
339.75766
637.35596
499.96054
388.58408
786.84955
818.57355
448.23474
580.4363
676.147
489.00296
680.6269
742.1323
406.7565
1076.4283
484.1494
609.88696
324.11047
647.3698
889.3583
669.9735
512.15936
480.7424
566.7531
343.40735
398.7136
487.883
492.98642
703.36566
245.73051
1041.4595
474.76923
373.39645
476.3405
754.90015
567.7395
625.14465
563.05994
318.0589
991.0288
495.5071
626.42834
355.8067
392.64355
591.3925
261.0041
1420.6937
544.59485
482.95178
374.78403
611.41815
583.7599
873.74567
972.8196
784.52826
627.62463
1112.2437
620.2775
908.04443
622.5562
453.2933
522.20667
749.68726
744.3054
605.91595
807.9528
815.35803
1050.2017
982.421
1363.1759
1429.7928
1057.0762
657.3625
766.8148
338.45654
675.01447
1040.4362
878.69385
1110.0736
989.7291
1212.2539
748.0841
558.2701
691.3959
1039.6487
1061.6505
594.84845
837.8741
638.5345
995.35803
842.0104
645.68353
585.10187
431.7336
822.3261
602.5735
771.31683
644.5609
527.4515
655.66815
666.39185
670.4492
722.1215
641.9265
731.49243
893.1152
680.82904
866.2409
701.3879
335.4214
944.2533
457.17343
703.12415
872.5557
444.7205
491.82977
770.7215
346.22522
611.12665
463.14328
376.7409
475.55304
238.79889
356.2463
210.0219
248.23016
1052.7312
727.6227
528.0738
384.81766
518.89966
565.46906
182.34772
511.2687
433.2515
738.8385
406.53317
679.8477
178.03207
83.926476
200.00461
96.766594
455.7746
376.54642
337.1638
463.77048
112.084915
138.4536
97.17858
402.96255
149.70258
385.40622
135.95262
451.31808
350.88925
245.37106
92.99309
100.678116
527.4476
613.63635
965.288
680.81506
1006.8414
710.9098
963.28845
955.8322
1544.1151
1149.642
1394.0961
1114.0195
1488.1091
733.8125
647.75574
1072.4075
996.1551
834.6116
469.28482
602.1813
361.16595
354.13095
694.86865
425.9895
376.19998
497.54608
581.6356
672.15405
415.13855
499.2374
415.48328
514.95325
679.98175
285.7076
228.98047
230.08334
293.85574
196.46375
367.1438
274.8958
237.61394
308.71158
272.54092
363.13367
245.36026
445.6788
258.62097
214.40242
511.393
604.6576
469.29758
345.10675
590.5028
409.12244
328.11072
472.48587
894.858
424.40118
888.5469
998.23254
1063.198
738.47565
807.4151
843.7059
767.59686
1116.7806
887.3202
878.3465
544.42194
791.61066
1126.7439
1129.5519
1687.2034
672.1217
789.7079
1375.8119
1475.8975
934.5062
1245.8069
576.1673
1331.6443
969.5298
835.03
626.8489
981.16925
1261.898
1236.48
993.4696
1221.6692
672.6545
612.2098
1197.0492
544.87866
814.6185
1495.4766
399.51123
1136.9249
514.2587
496.42432
1100.6682
965.89526
1072.7445
1662.1165
441.94534
662.28156
552.904
681.98267
1147.1968
760.1974
1251.7227
1037.687
760.55005
1168.4946
1052.6476
683.85693
585.97296
1268.0438
1063.7412
346.35205
585.4732
970.20435
505.9082
1329.7753
1766.6934
1648.5629
1562.8635
608.75336
853.9062
1165.0402
538.68695
682.12463
1331.0138
718.2824
864.7301
1404.7247
1307.5267
976.41785
918.7134
1692.49
2263.6147
3312.3555
2604.5044
1907.9042
956.8205
1049.6368
759.8146
886.9688
965.4048
957.8616
1207.4321
926.33057
1032.7205
899.099
965.41113
1268.1067
886.92084
725.42584
1047.5469
2600.4912
488.81088
853.7152
627.05054
838.3492
496.64148
718.7565
1049.7118
1160.9972
938.4683
1438.761
1093.2806
586.04535
1227.9904
446.58313
825.7887
399.85675
627.2036
966.1042
674.2704
530.8519
816.3624
518.611
816.77606
763.0701
813.85565
363.0062
403.8792
581.8315
1016.63165
472.70328
695.27155
415.95343
420.67868
1358.6262
651.6612
641.2692
509.28564
691.0514
840.15594
626.19434
782.9675
840.49207
824.7077
608.5772
1397.7229
1061.0731
498.47836
518.3981
252.40868
945.0086
656.58264
542.2493
798.3479
506.52115
963.5343
716.1904
1172.1416
686.80286
481.1813
508.03333
715.4703
775.16705
898.96936
647.2699
553.6811
730.97095
961.9838
718.5915
651.0453
1090.3691
907.4087
1128.3314
680.3679
499.50705
733.04626
732.6962
902.9907
754.86755
219.13742
203.75116
99.53685
706.6376
225.62077
708.55914
251.4036
1182.7103
264.04956
309.07468
944.2071
779.60724
255.21199
493.9607
1174.026
556.2695
674.7839
528.04425
200.20938
56.581284
14.1526575
30.14884
21.439545
67.10271
46.89965
143.62088
148.41266
72.79008
274.4527
286.49573
121.823875
233.79295
243.41466
123.932724
335.02234
76.72992
93.525185
133.61983
69.09446
51.213387
113.021324
44.9781
205.62398
72.53259
113.11756
124.91711
145.30728
127.384415
104.14006
269.58493
86.68456
156.83943
188.52432
103.66319
118.84814
72.02179
97.00104
137.04668
82.484764
72.2452
86.3537
117.07198
119.69821
195.90843
88.561455
133.26506
91.50657
225.40524
79.67626
106.18234
167.9525
293.184
152.14754
70.976585
237.64455
216.49312
186.28241
111.522896
112.466805
70.84282
115.43038
302.49673
87.99824
190.9152
109.77153
274.18735
190.2082
182.90912
289.5626
257.073
124.20065
224.11691
226.24458
179.98677
180.32933
125.80885
149.88905
169.86307
123.07042
124.81144
108.58191
221.90488
182.04155
272.17783
210.69159
208.25938
89.815765
147.58119
124.764145
115.554504
76.58498
80.03181
150.2307
120.90066
119.03453
677.4942
489.935
354.4817
136.77843
251.33806
229.61696
141.44218
98.73757
80.57229
100.566284
138.5113
258.83994
165.077
321.66205
197.67557
123.40699
391.4881
276.2292
54.114243
308.9758
45.17349
33.005787
13.642122
53.78659
78.88883
366.84824
210.97685
394.1451
169.71147
250.07541
220.38129
300.9921
149.65808
215.22285
71.97386
304.73877
373.79935
346.55167
40.347973
23.599413
37.96916
13.1186695
50.657036
162.5435
314.83295
163.1882
267.6666
268.89392
480.946
467.09064
324.21326
569.11334
274.56265
555.9378
683.4229
392.3863
301.36328
499.55237
413.07828
597.3498
429.2358
555.2393
88.11433
54.53751
597.7635
190.41707
188.6598
222.88254
518.8409
303.78903
248.75381
331.01807
246.97603
266.70456
203.89355
138.69415
121.232735
139.84758
134.9486
153.02376
266.86768
258.96884
309.54565
132.32085
331.2738
379.5052
237.60992
298.5381
446.456
309.55417
115.34681
178.80478
73.77759
176.40761
143.43735
179.26453
379.45258
214.98674
458.86435
537.74866
232.07947
309.52332
375.2627
375.42996
592.9794
266.0882
372.23422
288.94037
123.88324
173.3456
252.3316
166.12238
375.99857
204.78111
481.30908
373.51572
274.62363
312.95328
229.52242
397.40063
405.20483
570.54114
230.39677
447.06137
201.67902
160.70612
259.05634
217.82278
410.0581
294.50885
450.87415
322.74347
416.91168
311.0145
330.87933
327.50418
149.27094
168.31363
462.56674
110.97585
256.02985
132.85693
121.69434
107.22631
274.12393
200.93265
376.08173
248.38997
353.63702
268.7983
209.17697
275.82495
135.71126
307.53595
118.14982
258.6682
170.74811
157.09457
188.83412
153.05925
551.4904
485.6272
614.02716
536.8074
794.62756
550.35254
797.7685
1235.8367
833.5526
518.54004
921.19824
1047.5514
1389.3397
590.14496
1118.383
622.4073
848.3858
303.27426
405.31064
351.03418
483.8326
427.11987
504.93625
335.63544
395.12598
459.32962
496.91476
318.4559
345.3789
547.12195
301.4975
258.93823
724.7037
781.101
898.4428
804.3055
719.38446
331.74008
379.73428
1040.2363
476.3466
878.8781
930.4703
587.5088
222.93181
472.24585
264.70233
640.47394
906.7954
648.97595
949.7511
793.6663
467.24597
583.2272
535.2099
386.56567
300.2194
485.6768
618.16797
405.00388
894.6981
637.5817
279.32648
257.9767
1195.7954
726.2931
716.6852
340.5195
703.1192
505.482
479.27466
879.61017
392.65836
760.3796
255.69641
472.53122
425.2823
577.28723
362.28906
271.87225
910.5893
524.69696
390.91324
670.3296
267.84357
726.76196
972.825
390.1235
549.3933
666.1065
384.2398
682.7825
448.75757
252.19778
285.63782
282.29565
885.76587
548.539
489.9629
1012.48456
643.16437
923.566
376.94043
364.13095
569.47675
899.937
1143.2991
649.771
294.80612
380.42157
438.27588
159.53015
1450.055
359.5365
1162.1775
775.8906
473.49246
556.3828
452.01535
1016.338
1019.94727
887.9312
456.2309
1183.3105
473.82086
523.44464
484.60706
260.4282
1599.5282
981.9163
1113.0045
436.005
1151.6019
1303.0701
940.7305
992.6264
609.6668
763.3516
1006.278
814.5553
706.22723
359.24258
308.30847
487.40814
1603.2886
710.3159
1366.2014
629.0766
1099.1309
1040.4308
701.74744
1067.585
1641.0343
797.073
545.10114
582.6307
446.36014
510.60233
271.01312
151.05673
1389.3148
956.6845
670.167
561.3521
559.63617
1061.4552
557.0001
763.5604
649.8031
651.92126
701.53033
983.3097
365.92996
527.8297
233.44241
221.44075
1334.2402
1008.3445
1435.2059
509.35684
613.74805
645.4163
1119.735
1011.23737
1231.5361
719.6991
723.5965
736.7336
682.6303
440.19974
487.63873
347.27603
1339.2048
844.5895
1012.5594
879.48706
499.31
713.06616
345.4248
468.2973
934.4154
540.23114
751.1549
507.9834
759.48706
416.1368
319.62143
189.8141
1151.5815
877.1359
983.7311
682.4476
927.3382
440.93
320.88934
574.6625
443.34552
542.0689
522.4079
480.34207
300.2402
708.0105
661.65936
218.32257
914.929
771.7464
981.24164
520.3892
911.74634
1060.6156
440.59232
618.35547
673.3792
290.91992
347.59036
247.14919
193.98277
551.3059
166.39963
185.05461
405.6002
463.93182
628.29205
629.9372
215.16162
493.21704
305.5062
550.0875
255.78526
634.5339
497.58316
195.42479
367.12714
260.01346
257.33524
91.28958
441.2167
422.4788
570.4691
351.36398
825.9402
1064.4763
579.56573
593.997
816.80255
575.03436
629.7965
985.72894
880.1168
525.10364
427.13727
666.33325
570.5323
366.42993
520.77655
453.60602
551.62463
394.16443
513.9482
505.8192
534.84717
774.0136
696.4507
254.97942
434.00372
491.4138
258.67105
169.63136
598.84564
325.18185
569.521
407.56674
698.4241
379.93948
305.5692
467.46704
560.3233
390.8636
468.85687
382.7264
332.11456
296.1206
470.4245
264.79617
469.37503
359.87833
1016.6943
423.47403
572.64734
535.689
819.56177
447.39993
259.7087
1112.9722
374.37024
883.76294
606.26587
908.70184
430.25714
231.7421
474.35345
487.109
539.29706
334.7748
561.66693
899.81415
822.63696
466.63083
597.77405
1076.4838
920.8833
821.38745
418.99274
633.4505
572.71857
748.9291
695.16473
694.5289
374.17844
379.5944
412.74744
259.528
795.1373
283.19894
491.469
293.48804
795.3753
599.29224
697.6255
420.37564
318.44815
355.86002
609.7547
697.3758
372.86127
469.14984
502.18893
570.5456
503.12524
418.53397
231.64372
545.0032
339.54257
666.00726
347.22885
374.1938
359.4749
486.93668
736.11786
554.36365
746.1854
214.90242
257.4296
615.82184
323.23843
327.67804
432.86566
343.1586
342.29996
732.303
345.7457
325.77075
607.6927
159.51604
1052.5754
526.0196
394.68323
312.39694
215.39465
430.3682
813.3413
781.2192
525.12134
507.45178
541.06464
536.22406
389.53165
395.14792
605.5136
389.37494
771.8895
543.80945
404.67453
277.5608
494.0793
589.70715
798.1557
734.4589
388.7969
728.197
420.46506
719.066
651.28424
575.208
421.1064
308.11536
639.0934
571.27277
717.0415
352.30444
408.3183
368.8873
312.26395
768.46423
857.21826
799.4164
324.9351
601.2082
302.55576
415.84857
291.63956
262.64325
1059.9183
708.4396
596.57513
519.8106
462.68567
569.44574
399.53235
445.57886
1027.1544
334.8417
667.1063
448.58246
477.34415
350.31396
624.1063
1110.0242
737.62854
541.35614
747.3941
279.7111
299.57706
343.27277
410.37555
732.26984
770.7194
497.4091
373.91702
470.5392
406.7926
185.73192
195.12257
507.9624
763.9616
562.4157
719.8432
291.6143
472.08838
591.5661
338.37955
348.28995
780.13776
477.39246
512.15283
630.5065
333.85382
206.90298
241.64413
360.52997
547.8725
394.29843
156.8403
273.55386
663.6709
811.1633
258.83194
528.60046
668.1454
928.6042
382.61707
748.23474
791.767
169.21227
132.87874
195.35411
297.55017
83.41292
731.80615
336.20358
147.06541
171.93236
532.7853
640.4774
659.35535
249.0809
809.933
348.31366
145.26491
185.96677
209.32582
127.11131
580.3801
776.9967
1054.1782
586.8838
1207.4127
920.0135
554.3721
999.6936
1202.2299
1293.0483
752.8692
1007.8855
1032.8209
1120.8475
773.0104
1369.9803
504.30646
839.3146
538.27136
390.541
814.7988
390.31244
344.43497
654.8525
602.7151
789.46326
401.2728
1196.2299
530.6126
359.3993
375.20193
518.21954
460.43292
352.6755
472.9959
641.72565
378.38562
687.5794
946.8471
344.98312
356.73737
399.67746
314.21335
903.92676
356.4461
345.87048
451.69058
214.65529
457.90182
494.1759
584.6216
781.53503
663.4566
686.10425
957.0098
413.35602
823.4689
429.61206
427.68045
782.56036
703.88293
587.3819
478.37552
179.7857
625.51196
741.6338
626.9662
351.8247
947.1725
384.22302
334.70526
1159.9939
744.43774
359.71475
422.1915
429.2826
471.59128
1066.8994
322.63315
522.7091
653.5676
618.82715
310.8478
626.4719
641.14264
743.9416
845.99554
782.72644
349.8232
798.69727
515.2025
1039.5513
564.9713
323.33987
706.34174
611.6114
1002.4059
836.79395
1005.89923
507.6875
896.3478
681.17926
534.8094
926.1258
435.5001
376.7374
778.28217
457.12222
937.5156
1117.1097
403.27057
626.3362
942.04065
505.43695
565.57495
311.33115
928.4681
1022.27625
967.5685
1010.53534
963.13324
840.50696
516.48615
569.3505
534.93195
749.42737
651.1009
326.66718
739.3375
515.826
552.2162
1276.3776
1064.1309
859.91016
642.1525
560.4244
582.57056
643.1985
941.14606
611.1046
798.21484
662.2347
296.672
306.23984
1016.01733
741.0776
1126.6841
938.88104
1040.3661
964.12964
699.1787
1200.8901
596.7259
545.1321
869.2174
678.8161
572.9092
706.6327
686.5015
703.40717
811.0323
623.78705
708.9859
415.0172
480.64832
627.1587
710.5028
829.86725
507.6118
466.39963
336.75705
830.899
398.96097
635.9073
401.46182
377.2255
924.53064
683.65356
832.8785
535.66095
740.401
641.6847
686.8489
704.82837
732.1359
711.09326
773.8132
692.35583
661.2784
663.0854
398.25143
334.24487
680.60187
557.79724
779.55524
584.56805
645.75793
633.29407
515.51825
563.6908
667.0415
779.49005
660.58636
1021.6488
532.54315
597.8229
601.18964
493.50232
609.44086
546.51465
649.107
565.6135
426.64478
497.13925
650.43384
649.84985
652.70056
910.5059
741.81195
736.7367
341.92276
665.12006
226.81656
359.29654
802.42175
591.8444
498.7399
369.26172
309.30222
488.49622
631.242
462.0996
702.6619
642.1406
502.55533
391.59308
318.52338
544.10297
325.24738
387.0153
340.78247
226.15639
286.51578
391.27545
489.18277
361.49225
357.83792
571.50116
263.27237
647.4259
685.3327
259.2991
188.06639
281.8299
284.17322
143.23482
696.5805
829.21423
1465.2864
902.6999
1284.8124
814.41754
788.3298
1008.96594
1367.3105
1114.9877
983.2678
1045.1897
682.83484
664.4528
669.66785
1344.2394
984.91394
525.81415
487.71936
372.42892
543.81256
511.24673
697.8442
680.2334
368.90384
789.8141
428.6161
582.66864
508.78476
240.54312
366.83334
462.11035
624.76294
597.015
579.7781
751.6579
472.95163
974.7316
367.14435
588.9392
967.32904
431.43768
668.8867
906.1785
898.49457
325.9582
250.8888
404.9045
1156.7291
886.0456
525.9786
1069.7618
598.45154
461.166
912.57635
1324.6664
424.72766
886.52795
391.54785
818.00354
993.959
435.98096
476.81805
732.71094
1215.812
648.8711
1309.5
559.098
480.89505
440.49536
456.78415
1009.1476
562.2736
943.3451
1443.6206
1422.0879
630.7363
864.2866
352.07974
540.6896
975.47797
958.00543
436.8213
912.0815
1075.3717
988.20526
806.3744
527.1387
296.71954
894.91766
993.26245
843.3216
1112.5435
1020.832
452.44318
424.4415
711.1202
767.7866
775.31146
930.51776
1025.0905
1222.1227
736.7227
1084.74
691.65894
818.73566
1531.1528
1169.2782
691.7991
1205.1119
1043.7756
571.89905
1195.3416
820.42706
1178.7784
826.36597
1245.28
917.61774
1392.5178
1266.572
1211.2572
979.4428
731.2822
744.34033
642.7331
836.51196
1186.68
472.68393
1132.4496
666.1991
1133.7277
881.1255
678.0628
795.4457
780.69324
1058.9324
792.2784
1090.5002
746.7971
814.9402
724.24286
512.5703
714.40076
802.8372
1559.6765
759.6498
815.22296
1012.08844
1247.0254
1064.5009
1280.4095
706.78906
809.48737
833.6642
905.9385
851.8624
477.35248
870.88763
659.63495
717.57825
1149.2695
760.9931
940.42316
733.9395
795.6277
1027.4695
947.86096
896.6063
1021.2867
913.143
822.2277
819.4411
773.237
885.4779
602.8019
875.7504
999.6985
995.92896
1060.2549
912.9158
945.9031
1233.7712
902.422
1275.8978
1067.4816
913.4201
826.70734
990.2539
599.0547
949.15796
460.1599
600.0371
841.4721
623.644
1088.41
1033.642
1088.9803
1063.6626
918.34924
1095.3022
1411.949
806.3495
1042.709
890.5032
429.51022
769.9216
783.09
716.0215
686.5893
496.00577
1011.1782
909
810.11694
785.65857
806.34924
892.2378
792.08997
1026.4816
974.26556
769.70483
490.66278
403.8151
655.24304
293.20728
581.97705
535.3252
791.8931
877.7613
901.81525
777.9957
794.8833
838.8225
752.5992
880.43024
902.6449
776.1078
720.15063
431.44675
671.11334
315.52908
432.78195
373.41525
521.9981
739.29755
814.5273
767.01306
343.37436
723.3842
411.14694
901.7741
509.79703
431.6709
807.8481
258.43857
277.4842
389.21356
132.8458
151.41493
238.50221
294.20682
230.90163
264.39685
304.98965
312.27014
371.7257
393.29047
472.64572
885.6858
368.5196
226.12929
291.13992
570.8996
577.7082
151.27818
543.6574
223.29172
295.77805
298.89523
361.76736
552.008
467.52878
190.58104
209.4496
256.3679
242.78696
321.89453
229.32684
322.87872
836.96405
517.28394
349.07916
234.3712
371.34732
389.37704
472.7084
908.3453
424.0817
209.31558
361.3565
236.87523
261.76077
676.5805
559.2187
425.76785
758.1607
497.32004
756.5609
272.31903
817.1445
417.46954
434.20398
207.93275
309.29083
906.96124
339.68958
1227.843
604.9071
315.5388
522.6103
205.60298
681.16144
246.35782
622.367
428.89435
838.8983
656.65924
552.16223
337.5024
844.1646
467.1673
673.84784
412.404
903.1432
521.5852
621.2641
565.1171
667.3007
606.1236
642.8333
682.5046
314.97733
487.0455
869.42175
1113.437
526.0355
452.49188
336.64758
743.59216
706.37427
470.95126
564.2744
233.05045
1396.6166
749.87964
337.05157
864.08105
1184.423
585.83606
498.49643
666.6143
337.22247
870.4107
850.71405
612.80005
716.6511
506.7205
480.44836
492.91626
1155.7715
729.01556
871.96265
608.8079
954.8837
759.32355
361.60138
702.3875
553.0594
343.18518
342.5917
589.7481
429.04584
385.92682
375.60538
189.27594
1072.2949
386.28598
530.36926
661.7307
913.6828
573.078
370.0298
437.06226
594.74445
592.49963
708.25037
582.52686
299.15152
401.2682
329.84384
190.57297
1208.5356
826.3449
893.36115
891.13873
748.06866
691.3636
482.37296
547.928
667.47687
783.1988
775.7745
573.7601
779.0908
610.1473
319.58435
235.32178
836.39166
451.78766
612.13324
646.2396
693.7343
753.2145
517.2991
821.69653
450.60422
402.89255
511.31702
759.6877
430.42422
867.4502
430.93173
151.04247
953.74164
920.3829
842.2608
654.1943
499.11258
664.03467
436.11276
960.72174
1029.244
767.1017
647.3712
619.4305
455.02264
868.97723
231.90889
412.7194
723.97675
636.71747
415.26617
493.44595
525.2547
557.12494
685.6881
500.23703
714.1756
652.6997
731.1936
363.51675
302.8227
307.71182
404.75568
374.8361
716.5
614.14856
827.2362
280.90393
959.24915
304.44836
982.45416
730.3307
1016.3023
539.6284
701.0378
811.9005
326.29205
325.7581
159.90407
112.72319
628.1652
501.4687
382.51608
349.1933
575.91766
469.2931
292.0584
604.3173
487.71228
840.3857
794.6023
706.4905
351.40808
199.66238
122.53656
248.52165
525.2956
118.78995
381.70465
264.12607
483.27634
211.36272
429.59375
269.50925
610.97473
241.87494
318.722
179.17665
218.00462
313.09543
195.33638
137.32002
234.38335
276.8268
826.18915
253.91182
510.53876
553.3271
355.6401
599.12964
617.6501
901.2482
791.11676
514.50494
584.7955
776.503
444.32477
268.14288
822.2945
275.24677
390.51544
537.2753
545.81104
587.3141
444.8621
700.6733
709.9809
667.6599
935.53766
341.07687
455.58514
428.12366
220.40445
187.54831
664.9368
429.0135
773.99866
250.52095
544.09796
1157.6361
619.35913
403.2174
575.903
481.92252
228.81808
507.68585
516.66644
539.3863
758.6802
810.67084
1048.7028
1351.9664
646.89795
1253.6288
858.87585
528.729
889.0279
822.97253
622.97
533.0609
846.05554
561.535
615.6072
582.03973
547.10846
270.08984
1389.7961
673.58105
647.9432
530.21075
933.7219
945.63025
869.8136
1230.122
353.62347
681.8775
348.11612
834.74664
718.88086
748.697
217.71953
327.6668
569.5298
454.06613
367.07428
660.8065
558.2771
714.9708
830.16406
271.75766
646.6184
308.64255
396.9783
567.4311
439.6579
444.3485
328.9554
342.6062
1491.5886
789.87683
437.73825
816.96356
677.09686
869.69653
525.639
983.43427
367.197
374.43933
494.8364
722.43756
282.84274
410.5723
562.0137
229.96227
657.77014
758.38654
656.7657
577.343
490.44135
689.7827
433.96063
793.1069
890.32904
757.93555
454.16074
904.6603
424.3297
549.5188
440.5633
469.70566
973.8317
598.782
430.82504
552.6189
299.99207
720.3904
857.81775
623.2789
484.36652
926.9839
472.5712
876.21014
402.85843
391.85898
405.3395
227.00494
1155.5813
739.32306
602.0759
539.0048
876.445
981.81274
901.416
606.00696
966.65656
771.30743
298.36414
832.9371
657.71295
305.40442
284.21637
431.4083
1132.028
665.3138
663.62634
820.1455
443.1885
949.68085
452.20328
648.2314
711.0018
568.3022
720.0032
433.36508
429.5623
537.8959
286.12744
209.36008
789.4053
414.8659
864.8938
1062.4644
493.14365
960.34314
983.6668
744.46094
432.05457
429.93076
676.5909
693.1047
775.58655
787.0834
264.3216
181.0545
639.3429
303.83966
735.3814
809.31647
995.0099
603.2591
807.48145
531.5238
580.0484
460.16885
422.0126
1062.3035
300.5597
314.29248
568.71954
177.56323
549.8043
638.1725
794.7343
813.4542
1009.1998
992.5921
848.24396
731.7547
567.0925
341.5283
638.2222
806.7795
680.5902
354.32947
401.9422
421.8096
423.70123
418.84473
600.93726
544.2624
258.50592
764.94434
248.18324
405.2431
335.6203
246.70964
181.55983
108.9576
169.08716
537.0269
142.1267
178.0676
382.7687
278.79733
322.72137
353.0929
532.5586
388.91718
470.46753
171.15886
147.33672
155.6002
136.54097
144.00647
160.5462
162.21408
135.61649
114.90491
600.9412
661.8465
746.53815
686.271
666.9416
861.342
1006.1837
874.0314
687.9543
727.82623
1290.2894
811.66095
604.47
907.8556
562.39764
541.1552
807.01526
384.6094
497.68213
423.97394
420.74603
390.9885
765.0103
392.92722
303.3407
493.84424
879.5503
1059.444
382.88437
256.42575
360.68408
188.3049
931.41315
319.0019
591.3342
442.36893
1003.7396
547.03577
883.8198
751.81274
725.1528
505.8598
486.34143
629.23126
536.3073
541.2683
555.80884
510.75
1026.6827
506.84622
1130.3313
624.2873
814.34515
869.541
404.9442
725.9006
588.51685
311.63193
599.4822
1033.3425
581.3237
669.6379
426.10837
413.41205
641.97437
1182.3744
890.9776
513.6826
864.30493
559.0094
429.97644
576.0451
472.4933
466.73364
318.3931
514.05225
459.81522
643.5283
468.24014
550.14496
1008.162
372.7163
637.0616
762.90906
719.357
637.9987
716.50885
310.35654
788.8204
378.1828
373.0546
483.36334
499.48276
728.0879
440.8361
425.1322
934.5999
657.1908
745.47614
744.0786
879.6635
1078.6843
358.6726
1175.4298
850.3995
651.712
947.83014
1008.23584
685.06335
706.25824
602.4158
376.95663
1044.7722
690.3422
695.03394
887.4131
492.0829
383.05542
451.1792
1264.3152
476.9221
621.8465
537.4465
858.0966
651.5201
936.4494
630.9698
533.6316
1192.5374
711.46136
966.916
920.8647
1082.2965
988.0612
916.02435
837.95435
666.23364
744.9397
533.701
483.4921
541.8243
638.08795
679.5398
541.4434
1535.9706
800.3042
867.56195
1014.9951
857.2067
973.7773
988.4169
958.2702
956.00024
729.0995
361.9295
741.2942
580.8178
657.0265
546.106
571.10266
833.88995
674.802
864.3008
685.09357
901.5488
864.3441
913.3619
859.3448
639.34283
609.7417
394.83914
466.54163
361.97113
605.62494
324.78217
247.02036
943.07996
783.94635
1020.58276
1036.1693
1065.2931
859.7074
1064.6204
897.63226
900.17456
939.3093
616.31165
825.297
685.05536
816.34735
385.17038
298.0371
1087.8041
740.207
933.6765
835.1978
797.03876
908.28906
754.8376
870.17267
878.9938
701.98553
685.99335
567.38684
474.24063
579.0422
471.66946
283.35004
845.02423
809.287
791.1655
788.14935
839.68427
778.6881
1068.4799
1028.6368
748.01013
678.54596
804.3388
742.35535
451.56018
525.6187
265.96298
235.74646
889.07135
642.98486
601.4549
633.8077
716.71075
899.4015
816.7972
903.0603
779.9325
785.45746
685.1565
733.63104
593.41296
864.1643
776.5985
249.6915
481.10135
484.24524
756.63617
524.03174
594.42145
314.30283
773.89606
794.60046
979.50604
280.59732
645.47845
226.16333
192.15085
146.01271
301.96344
291.48553
593.0925
624.6143
837.2926
548.67377
623.15924
532.42035
811.3438
1179.9486
694.7497
947.40314
1041.1558
605.74023
711.8441
819.934
934.0341
830.53864
864.9174
356.8862
323.2336
390.53436
619.20636
606.00244
664.5818
533.09283
593.62634
367.01617
725.5653
465.1586
581.80444
535.56445
363.98587
219.76027
626.2668
571.66364
783.57587
1029.4872
485.40222
918.62036
470.28253
382.61615
381.11267
538.9978
711.3558
523.938
354.15826
478.82257
387.02563
441.91647
636.9265
673.377
1024.2352
481.86795
436.83597
443.73157
923.3198
889.6907
332.59506
584.32196
719.506
856.4617
314.2455
206.32237
312.55966
678.5206
453.732
625.14874
904.72375
614.46405
752.8
492.52347
887.5875
1101.6187
1114.4766
274.4347
1136.4368
934.49554
704.1832
402.99136
277.9188
386.13672
1015.60394
312.0962
682.46484
678.4019
431.28702
487.5234
439.95578
431.31992
423.91925
353.48593
375.47656
268.76938
884.4948
500.22787
547.7351
280.12283
1151.8766
844.9138
648.781
469.02063
579.7633
823.04333
816.12866
941.5443
652.9849
801.7315
559.783
755.7289
636.7424
1075.1129
692.891
541.155
791.2898
621.7545
600.8893
748.7468
812.8917
517.0307
779.07025
480.3385
1132.7188
436.80548
482.85034
501.75894
641.76575
612.31024
773.3757
318.1107
1020.3059
502.57278
620.2836
454.398
487.05258
763.997
507.6137
630.61884
583.00977
898.5576
422.40143
583.63336
708.14954
1020.8853
424.8465
310.76062
1093.8258
606.91516
1053.8998
797.3472
874.90094
785.32306
1060.189
847.4596
646.6019
868.80273
947.9544
801.2045
392.614
485.28665
374.73737
537.8279
991.30963
597.521
573.3486
610.69977
923.1007
568.6714
585.1676
1023.78925
655.1976
883.5896
437.05228
657.05023
389.37064
602.2933
411.98444
364.46906
1038.3137
598.8891
886.09985
623.80554
774.5289
934.35406
678.3191
756.28296
1083.08
1088.9371
789.8033
617.8136
409.52225
595.5898
327.50122
336.1595
819.29193
560.0466
903.14233
1086.1934
1071.0947
997.8955
1140.1163
1015.3829
1012.92596
699.82434
1037.4537
632.9103
423.82922
337.33966
358.91367
379.27997
870.0396
627.6659
555.2838
666.87085
930.2757
903.0426
1098.3722
1094.1409
676.2681
952.1109
780.0783
740.8301
608.0085
752.40753
185.02248
170.24097
611.23816
591.42065
1022.05884
833.33575
785.2519
1016.4806
542.34564
732.95795
659.4783
659.5783
342.90253
386.4898
443.69928
183.01581
290.96896
186.32576
405.60593
262.00235
430.96027
731.91797
199.90816
642.27814
870.784
338.71698
793.9817
160.78156
225.69743
182.0492
209.1479
173.41136
267.52972
114.60375
525.3186
595.68207
1329.2494
1038.6729
1011.0086
897.05383
1044.9512
1656.3374
1552.4288
1918.797
1598.6796
1506.0294
1157.4727
1176.4119
575.9097
1037.2798
1407.7899
678.30664
661.79803
272.70288
225.29735
442.46686
1048.6589
454.42856
654.8736
752.45483
1785.8127
1238.379
1186.743
756.03485
657.04553
759.3269
1071.2682
434.92056
655.47504
470.98932
988.8382
447.21896
1315.7972
932.7178
1123.3776
699.5393
1045.4166
963.26794
1122.6475
1370.3114
651.67346
1435.2688
1392.528
670.69165
957.61646
773.9987
499.3025
903.25085
1324.055
575.78107
546.90216
597.1898
674.57996
501.77542
484.65576
818.3761
759.4199
520.43866
931.373
432.69873
738.62665
839.07465
593.87134
1406.7832
1210.3536
1036.487
843.95874
675.0829
1556.6289
325.4765
794.674
1440.8787
469.13297
759.1169
1189.7356
818.14044
855.96124
412.507
689.57996
482.83948
408.24814
1770.1097
775.77155
1116.942
1104.3182
1534.1271
637.91656
1147.2838
542.0161
392.90067
2123.9497
3368.3972
1956.7363
548.03467
541.6728
509.66434
224.0825
278.12778
418.13663
291.31497
301.1702
276.86795
204.36015
294.33243
308.43402
215.74121
4100.9365
1175.2222
865.1173
366.71658
201.34799
200.02597
148.86009
189.00145
197.40773
177.78633
119.58744
384.8132
209.28049
264.04077
335.89523
174.64972
2790.472
1720.3091
430.86545
295.31546
572.4704
421.04095
405.2364
207.46315
239.26532
269.151
210.08804
236.98698
271.26987
548.8935
309.36526
152.98946
1370.5535
1663.0442
1603.383
1023.9316
711.4268
459.2409
520.1106
343.4392
390.26602
466.09814
412.05997
717.0109
395.9177
258.29593
899.6181
4499.2188
949.0503
1143.4929
677.20166
667.5623
243.9983
194.16931
276.44946
280.35187
914.1377
406.08105
715.07916
1077.93
579.00934
464.7456
517.6923
739.1577
1488.527
1252.2115
1093.5493
487.37897
522.2122
414.27252
946.10223
1563.8267
1057.9817
991.60284
1118.6451
802.78845
1166.4054
1514.2556
813.12726
652.4452
1501.4852
1031.7723
1250.6259
871.94794
1342.2639
1459.1653
1366.4569
702.27344
1517.6833
1260.9117
1881.9163
1481.887
4523.4795
2945.3396
579.7891
364.91672
964.0385
984.43475
1325.978
1366.5944
1696.6598
1617.5054
418.30063
795.3317
485.69272
1945.916
918.05426
4460.397
5053.3716
717.6231
371.75272
411.05438
442.09818
499.9246
108.37422
174.32297
394.27805
737.8613
394.6047
199.97858
526.98035
939.58923
358.647
2061.986
313.88907
591.291
190.8031
546.76764
163.68408
328.7936
333.4773
283.27994
401.83673
178.59521
454.86087
535.6902
164.26909
1305.8861
289.89777
410.08206
779.8993
481.47397
285.93942
355.28665
685.517
598.36426
1055.4636
675.00165
1116.8635
1096.9857
889.5755
1129.2747
1115.3512
1205.215
793.4846
1433.4073
603.20245
1320.9255
1267.7434
1080.87
1107.9408
979.82684
1383.3394
1201.6133
847.00616
522.37225
642.2987
927.63306
539.9895
368.71838
539.8202
597.02844
566.3354
362.37427
315.00452
269.33228
1154.3728
806.5456
486.73145
1322.511
967.99426
994.7413
965.8628
727.36554
935.20996
913.5892
884.25214
503.73917
867.08093
818.5274
549.2449
448.56506
1267.499
619.74524
1650.0542
1564.4928
1058.8893
1214.8789
1356.979
1722.6271
632.0176
452.86258
410.98685
1437.9613
541.312
565.3538
542.9959
401.88687
2288.4456
2490.4133
2011.1217
2490.534
1902.2311
1816.4192
2539.8699
1881.1317
1570.9583
1378.9546
1109.0505
1436.0579
1211.6263
1640.5491
848.90283
716.1403
2390.9387
3347.4434
3679.7205
1984.9993
1145.3926
2245.0378
2941.5366
1411.302
1548.7124
1088.7599
1997.7123
889.5527
1157.9103
974.2788
1286.8359
416.23944
1828.116
1920.4657
1766.5668
1566.8994
876.006
1304.3801
1409.997
314.41684
60.42537
1353.7622
1902.745
1509.3185
1355.9009
1152.7263
1316.3752
1152.2556
2218.7222
1904.7478
1644.8977
2392.7964
671.3937
511.87503
1852.2856
2176.5503
2311.0264
1930.2972
1467.3589
2017.7698
1237.2222
1272.9735
1204.2451
1283.214
3284.6116
1983.0865
2237.1223
3061.834
2512.9617
2525.1506
1795.4897
2044.4532
1808.836
933.99786
1663.8402
1640.0638
1199.0022
1971.9058
912.41595
1477.8287
2222.4236
1456.2721
1969.6569
2582.3767
2763.2092
2454.0718
1449.1083
1886.877
1612.1508
1065.8868
1194.1815
1081.2808
805.02844
828.6626
629.65735
789.33124
2605.3318
1994.3606
3126.2627
2953.3914
4000.1008
2030.6041
2752.2407
2595.5005
1973.613
1272.9418
910.0881
1689.758
1250.5583
1357.4081
1013.0094
473.01193
2232.0166
3001.0083
3567.0227
4997.951
5418.3115
4596.4478
2646.0076
7098.4565
4672.8423
3411.1067
2180.1677
2301.402
1281.9164
1694.5153
743.75745
520.71246
3086.7678
1911.3099
2396.293
4851.749
6529.0303
4999.095
5457.934
6992.2
5059.134
2792.2888
2287.171
2714.5293
1675.3752
1131.9326
626.23486
924.5286
2673.9343
1402.3213
1335.6394
2617.5393
3037.0166
3466.425
3266.6077
6238.455
4949.8687
5445.4136
3480.9927
2597.818
1686.0741
1224.8424
1512.7285
801.75964
1257.7917
1472.8947
1753.7563
2028.1049
2002.3855
3859.592
6669.0493
2466.5042
2798.714
2474.0596
1803.9418
1099.0535
555.7519
914.38007
532.36444
509.99194
796.5735
802.57104
1092.3672
1277.4447
1206.462
1258.189
1387.5564
1150.8558
781.87134
1258.7255
810.4337
406.95197
541.1168
276.846
474.35486
292.4001
615.5961
374.41983
321.4226
403.30872
325.62973
473.23438
767.81824
1029.1732
837.2324
820.2797
781.5722
809.0714
1147.9613
617.29034
422.80054
1197.8612
614.7194
634.1867
464.99158
583.98334
434.22476
383.4848
461.83685
719.2501
739.75684
552.3995
439.6087
777.2186
259.33182
896.9814
289.05707
1340.7195
724.77026
439.57846
595.41583
421.36026
290.35904
477.3641
768.9032
721.5029
376.8401
619.8602
522.9438
840.4436
376.9887
483.02304
315.15945
350.5043
814.2316
435.467
371.34802
657.39764
306.85654
461.8984
684.777
370.67935
217.67096
547.18945
444.40854
856.3855
413.58527
435.8988
475.54987
1062.2683
826.5768
1071.2894
700.8224
1291.149
758.1103
1794.6176
1613.077
803.91907
1540.19
1963.0889
1368.0265
625.72327
996.6408
1041.1377
581.9534
1120.0586
1848.2728
761.5297
992.4262
324.1946
1354.5211
978.3014
581.4084
880.12134
663.4116
439.63843
1020.74866
593.49054
718.12476
1516.6776
523.6948
836.079
1435.279
1217.7045
1450.8746
853.14264
498.1722
1142.159
766.3616
1023.2635
989.0891
705.7301
636.11664
492.26605
822.2704
554.68054
882.69556
375.80484
1076.79
1051.4951
549.58856
1018.6044
517.3222
1180.7598
1455.9728
387.2936
1075.7756
747.42645
940.7178
1259.0398
963.33276
1148.8615
1270.1768
872.41595
1273.0675
580.7197
462.95996
577.3225
487.8891
462.29926
204.74321
450.52905
464.92447
507.0134
432.98087
395.36273
730.9958
606.849
1000.26227
770.885
669.35974
814.66724
543.4418
401.41098
531.6958
617.0489
560.4072
396.561
920.1179
661.2537
480.09705
705.06757
650.3417
641.7253
684.5388
221.81122
938.66504
868.7587
1542.5289
727.0414
916.44446
1698.9626
1704.5138
1862.4741
1181.5045
842.92896
1298.9637
1020.2419
1118.8726
475.18362
468.8497
312.10162
1268.9083
1106.822
1038.745
757.46985
1262.7584
624.4156
2123.208
1012.0793
491.9655
813.34
520.98346
531.4099
577.30206
441.6327
879.1976
163.28047
1388.0424
1166.4417
1285.8925
1576.8633
1446.8635
1251.5725
521.23694
1064.5543
576.9835
1356.8971
313.48813
373.29333
340.78192
329.22458
313.77893
139.8037
295.35254
654.4667
304.34955
395.51746
896.72565
1220.0115
387.47498
546.16583
1009.6643
624.2546
288.10406
253.0733
245.66783
1099.403
123.85086
314.0259
420.60034
158.76445
573.16766
537.3988
790.51776
305.77438
334.2849
1177.8356
1167.9534
1186.444
231.30066
184.27745
136.91318
527.1804
178.19173
388.41412
518.22156
566.2422
512.484
163.94122
573.7049
267.9511
820.7838
794.1168
931.5951
273.82037
773.5751
265.11673
276.8957
170.56642
234.1211
99.73131
274.91147
179.3967
358.3055
412.63846
574.092
516.8838
719.1164
715.9384
1168.3663
838.52814
705.6069
565.8762
571.55164
300.43155
840.3119
794.2353
705.0676
423.14386
684.50366
505.14487
923.44086
684.2003
728.3082
763.62115
400.40967
377.37488
876.72534
689.49396
677.3103
316.8392
193.46155
499.05405
432.00067
602.1023
811.19977
414.0707
531.7906
524.3166
468.7079
727.93085
676.01495
553.2964
449.71915
661.3815
365.9626
531.31824
366.8585
629.6452
540.155
480.709
452.954
581.25745
230.38033
751.0792
543.2215
278.10873
627.70215
450.78973
560.2092
733.83997
1036.8188
864.7241
260.15012
789.5755
861.6734
625.2238
558.0352
502.3772
822.5917
614.5567
482.43808
1016.9064
134.60721
177.33679
408.5238
348.21606
794.05145
1073.8613
389.6694
1066.0367
1149.7634
550.9291
318.61493
332.14005
286.30524
239.97223
100.07092
177.61194
286.87592
922.814
731.6047
682.28174
493.67
451.43628
517.68524
1501.7032
815.2175
248.28172
482.81882
504.1298
392.64566
390.69217
272.22128
477.92578
763.9716
636.89575
647.9237
470.51746
1280.0883
482.57275
997.78754
1362.0853
811.12994
670.9849
427.01215
619.8648
525.6825
804.24695
409.0959
784.68
727.011
392.08542
458.26764
751.2697
408.90054
706.2294
720.97284
362.8087
1595.6326
614.9773
269.5854
402.10303
300.93848
533.5208
1031.975
550.6436
1103.6603
1018.704
959.06854
653.2192
945.8183
627.58014
1342.0674
501.14764
1240.6688
1389.1539
997.4751
776.83026
921.1212
1611.0953
857.9962
1885.419
1301.6266
684.5119
793.02423
592.20984
616.7151
1137.9896
576.21246
842.2457
1236.4619
791.04706
693.84735
691.4521
1164.1436
863.2166
794.29803
998.5824
1073.7625
1577.5579
1009.7936
1384.6007
643.1674
1476.4683
351.54315
215.84705
2300.726
807.73834
1333.7657
675.00397
1210.2677
657.2435
1020.9429
1090.685
757.2497
1271.5999
2132.6418
1107.9138
1438.2274
931.2546
1077.4679
1005.672
619.6968
857.58093
449.67758
604.46716
1249.0553
761.9253
2124.762
849.7465
1384.0294
592.3923
610.17816
1119.4724
420.16525
199.73192
193.48198
697.08234
1535.824
789.5396
1243.1254
304.03775
528.4832
419.165
1238.485
597.0404
991.2586
957.1714
1043.7162
1068.0403
710.61334
987.77094
171.25917
157.30698
563.42395
556.7591
855.5507
666.7078
1005.56995
388.6595
304.29636
1059.0099
961.9391
322.93317
547.8659
895.1405
166.39828
677.3599
166.7344
444.16495
379.22617
227.47514
473.4053
254.52339
205.23135
273.32504
293.05054
695.7033
578.06177
761.5333
253.80054
252.96815
708.1411
168.55463
919.62634
465.50153
402.492
496.63007
398.59576
455.89642
632.3603
364.75613
411.90268
454.07895
599.4186
481.39502
938.3096
642.6014
607.80804
486.84763
950.10596
1058.3665
601.2172
276.648
330.33093
435.47696
397.77606
433.68622
410.1313
363.81766
323.7472
969.5378
843.9967
452.6481
307.89505
551.4396
212.39517
564.1547
418.25354
475.33298
430.87613
577.6829
1387.43
616.2055
387.20004
568.2373
603.8933
471.54984
667.0077
866.45026
542.906
1035.624
535.2209
487.52618
671.29266
370.433
250.39034
419.12192
257.0067
582.1779
348.24323
886.52277
663.8091
617.4514
1012.69617
1004.5189
3045.38
1386.7135
571.36066
647.1379
837.72076
940.0823
1255.4989
258.172
365.54376
414.52792
655.37604
1419.3704
3314.68
1421.9196
1284.9384
548.3698
877.1206
2737.7402
1870.2694
609.5831
1224.7983
1926.0957
704.76605
825.81995
525.35455
1003.8994
660.755
3898.5408
6956.883
4289.7446
1887.0648
948.01483
1236.6775
2380.899
1224.0522
659.08716
3382.6255
4396.699
2412.843
756.2446
1122.3486
1151.6401
1898.6575
4810.6504
5539.2544
6155.2573
4969.163
1461.3375
915.44653
908.9793
1661.0336
3512.7424
4808.1504
5556.225
1724.54
424.5455
846.725
789.6934
1516.8469
2472.0686
4588.2427
3625.675
2110.1304
868.09174
681.87244
1184.5819
730.0938
2135.2864
1228.9991
950.49554
944.11566
895.6631
1299.394
2316.8064
1763.1735
1748.7345
1520.1573
912.97394
911.6693
1436.7427
496.80338
1339.3282
760.33215
318.58475
1451.6448
916.6279
857.2104
1032.2656
2247.3352
1838.8096
1412.1595
2008.3323
862.6146
550.73914
1003.2769
1210.5156
716.0829
979.8587
524.46155
1034.8175
1717.9567
623.2596
3005.2754
3115.2617
5114.363
6268.18
5040.531
1731.916
1067.2778
883.687
2505.116
1745.4559
3103.2134
1465.033
593.86383
268.29205
2289.38
1406.2672
2480.3408
2977.086
7650.082
7713.324
3791.1934
2958.2305
2873.5051
1226.2601
2068.1223
3303.7275
5442.5405
2295.8015
347.11157
1029.7947
1828.6665
928.9671
1649.7646
2470.1055
6888.8247
6710.766
5366.5283
2520.6487
1162.3126
1474.4115
1990.0372
4222.3677
6447.1772
1108.4786
424.54968
763.59015
3862.404
3358.9985
1712.1243
3158.499
5092.9497
2114.3926
2601.0867
1337.824
1442.5222
1623.3615
1383.6049
2241.4495
2067.6375
682.9083
273.84964
228.22153
4771.9297
2496.4478
1432.0078
1695.8728
1816.6283
1678.0393
511.37662
1249.2026
1183.8269
911.64465
947.5114
589.5926
844.943
364.3538
503.82837
765.6399
992.5532
378.51105
1035.123
912.30493
707.2974
265.43787
400.16473
848.73956
251.74574
383.41132
409.61664
214.52782
1136.587
899.3706
338.4953
239.92906
799.33344
740.7017
886.6677
774.0205
1629.3757
2314.9597
1802.1757
1767.1428
1258.4274
368.6333
868.253
818.444
2175.6565
1421.2465
1596.664
1015.10284
2344.8674
1494.01
1567.696
1962.0847
450.43967
521.6703
308.5776
581.17444
574.8752
710.71094
588.46124
481.79407
616.0226
564.5156
1492.6512
1380.8197
2895.2727
1722.0533
1026.1986
1123.8748
939.26794
1256.9464
1460.4674
1237.8464
1972.3391
1632.112
1220.1871
1805.856
1823.4362
4274.1143
2783.6592
1325.1268
1759.5251
1122.2007
1266.9607
6297.736
5462.3486
3422.2117
3049.9768
3089.1924
991.409
1191.1691
751.51434
1501.0625
690.27606
4029.6216
3595.0242
1816.1089
3257.8777
862.1735
3338.4214
7996.1035
8383.126
4270.398
3208.1477
1123.7031
1949.5555
604.3669
1706.3176
1386.4745
1184.4983
1897.5977
945.8493
2736.9363
3488.7783
1461.8208
2745.513
4944.249
6237.334
5368.983
4180.4453
3983.3684
1100.2235
1244.5073
510.34485
638.0428
574.6783
1149.5719
1790.6356
828.3473
6407.8384
2896.889
1384.1317
1105.2101
2290.7192
1907.8622
1247.8695
1348.6473
806.4327
956.9116
820.09326
808.6315
1252.2585
2334.1506
1769.2621
2329.2017
4091.0454
2283.7402
1273.1467
2117.602
2913.1687
2266.8247
870.69977
1310.0604
639.51886
1645.4308
874.63434
1353.5029
1611.2485
2501.7783
2481.5574
1750.8268
3790.048
3040.3396
2292.7263
2174.8154
1808.7358
1015.3846
2254.0024
1720.1696
993.1226
847.37164
1000.22015
921.6882
1575.5149
3794.8198
1873.1482
690.8267
2703.0708
1502.7712
899.4848
1465.7828
1329.8604
1700.5468
2192.8496
4645.4893
4263.1484
3185.0894
1676.3704
1591.5673
2052.133
1470.4314
1551.5347
736.5388
1944.7074
1604.9141
1563.6537
1779.147
2078.6545
1894.437
3967.2231
4669.5684
4353.0107
5669.2134
2279.3513
1469.5331
1873.0618
1105.0544
1545.9736
1223.4263
3819.415
3014.745
2583.7378
3975.2437
2738.0488
4293.67
5090.8022
6110.231
5316.6055
1906.5881
4329.37
1712.5255
1971.9683
1140.7301
918.4512
940.3884
5233.4473
3821.064
4118.681
3416.7583
2221.5803
2318.7388
1843.7787
1776.3553
2256.675
3059.4143
4745.69
3336.0317
1297.8146
1131.6244
557.3519
402.07263
5526.352
1770.5193
1489.2261
1577.7771
1661.317
1437.7068
1461.3828
1273.7479
1842.1968
2053.7476
2985.896
2037.7007
820.31226
825.81586
397.6387
626.0121
963.7031
767.2533
734.66174
911.96375
1307.7018
1240.1954
1018.44574
895.1857
1713.9738
1156.6115
638.06604
830.2087
586.50836
233.66713
319.59518
147.9861
283.3238
403.5422
395.33792
256.65216
244.55241
350.23538
295.41922
449.6527
395.15182
183.91008
501.18527
217.98166
135.75993
235.55014
110.32816
84.70847
1145.8271
1275.4113
1315.5151
1250.7429
1496.658
1268.1703
1330.4393
1606.5236
2087.873
1291.8363
1196.2662
2478.3179
2192.7383
1807.3418
2029.977
1858.1593
1392.6682
1048.2241
742.76874
999.47235
1201.4733
753.3737
1016.05743
670.29755
1703.3146
1112.1609
599.4186
825.0449
1180.11
546.71173
786.634
693.9826
1487.7805
1170.1215
976.83795
1235.2444
1008.7001
1094.2545
1472.0522
3583.1978
2703.6665
1250.0421
622.9579
1271.1832
1328.8429
804.0715
1930.9166
1555.8065
2455.5723
1298.5122
1835.0607
1418.5219
2413.7444
2320.178
2056.271
2009.7668
1828.2748
2259.909
1434.5908
1795.2966
1818.5624
1340.4675
1592.0035
1014.9305
2607.7595
2132.9019
2688.7686
5775.9263
3417.4175
2284.1729
2186.2905
2404.423
2339.4065
1658.4022
2374.047
2257.1885
2296.8152
1871.4166
1376.3842
1328.6509
4244.1675
3232.8682
1684.5511
4351.1714
2200.4475
3336.6848
1647.0697
709.593
1647.6361
724.5988
1320.2473
1704.336
528.40845
1845.277
1291.0099
1004.4055
2138.667
850.7352
1791.0808
1307.9501
2158.483
1300.5693
1177.9647
1564.4912
713.74304
1384.7646
1276.7006
1176.0438
1064.477
1367.3125
898.1755
1598.2948
1644.6477
963.97595
1005.06244
1479.783
1922.4174
2254.3313
1637.0065
1062.0405
966.79156
1337.0288
1167.452
1504.085
1057.5487
1669.8197
1330.9241
1428.7329
2572.8142
1636.0248
963.1225
995.80707
1553.9386
1467.192
1098.3574
819.0249
1488.7502
1658.5759
1829.0968
1638.0812
1309.468
1347.9518
898.6616
1158.6614
1858.4447
1622.541
1390.9033
1323.1792
1438.2854
1386.7554
1214.4004
2300.792
2017.1594
1678.5103
1539.343
2324.552
1521.0784
1492.6399
1148.4113
1233.9473
1493.1472
1181.7682
1181.0653
995.3085
1439.1371
1301.9464
1546.7152
2515.317
3770.8682
2669.321
2710.9805
2335.0803
1818.9777
1397.3646
751.0744
885.29944
2133.3135
2089.8176
2391.9373
2736.2668
2475.2468
1984.1893
2385.7249
2316.9656
4870.1055
6491.7646
4306.4414
3270.7349
2670.0942
1755.3812
1272.0591
1640.5739
1295.104
1297.7219
1305.7878
2575.757
569.46265
3281.9329
3323.6375
2283.1484
2893.7346
2246.4104
1635.2732
1013.0703
2198.6858
2582.8547
2099.1262
2858.0234
1633.8811
2069.7258
1646.5427
1952.8783
1647.4606
1979.3634
2276.1348
2020.7227
1764.6337
1244.5115
1515.5907
1369.3964
1120.4486
1433.0587
731.41
605.6621
801.0584
1244.305
1043.1907
1038.1222
1323.4316
960.1771
1156.1587
1475.7675
1626.2692
1559.3058
1983.0392
1594.6892
964.3682
958.74457
861.99695
754.80524
1089.8265
668.3113
739.22217
809.1847
1154.0898
804.2882
531.3135
712.79614
1008.2365
901.71454
1428.5972
855.5506
472.7863
691.7042
272.95718
862.38904
753.32355
850.7276
967.04297
630.1399
935.9005
766.0848
1513.6252
1065.849
1169.1084
859.1115
599.72314
1264.7866
744.9424
1348.9808
1217.2748
880.6909
885.46545
512.02106
634.2559
576.5067
659.3495
910.88513
600.40076
443.14545
873.08923
272.6575
906.4731
401.83386
383.71304
647.00775
227.22922
400.69098
1019.3311
789.7859
746.4937
490.58054
536.22845
713.4522
937.74695
505.73828
499.90506
1128.4432
436.44464
1401.4938
468.4511
940.4163
482.7463
832.6059
1016.61145
1260.1112
856.8345
330.9507
1377.684
719.84973
650.8797
894.3078
419.6746
472.89557
1615.908
577.3446
1186.1577
571.2121
1020.95764
296.138
1653.7083
613.3145
870.69946
632.1286
505.09824
2022.1561
1109.8666
539.25507
923.25494
1173.2217
1010.4407
967.27
552.7194
1463.4331
434.2077
1188.6503
1212.608
738.8455
1051.2892
1009.27014
566.66846
1113.2709
371.80118
1211.4702
732.37933
505.97818
979.2242
376.1157
1049.1805
428.47003
448.79794
524.49786
1398.2062
984.9772
1069.5579
984.31915
845.7607
1203.743
645.7478
802.10205
531.36035
444.54532
409.80392
1309.6653
582.5249
833.5593
1164.8966
1212.2043
592.29114
720.8017
769.90717
915.6705
767.4713
1238.8755
382.2058
442.52158
740.9441
619.7683
774.55
624.26764
675.7491
639.7211
624.96045
984.2421
872.2398
898.11926
1061.4548
1058.9557
618.45123
451.66
611.4091
963.9741
605.266
513.8167
756.4405
830.5866
344.9153
665.1743
632.5559
382.19897
1375.5695
817.3543
891.54987
1455.1952
1120.7714
1137.1627
1020.94366
1034.091
1062.295
589.93005
484.42755
1125.82
1109.604
663.1293
824.9136
585.04785
1416.6144
713.06683
591.2486
1012.86127
1129.3531
1005.80035
1030.4703
756.6601
1172.054
1043.1124
473.35748
1045.9398
371.404
593.15314
296.39178
367.0462
1249.5292
986.50415
981.44775
1103.5624
1115.5751
1566.4089
1503.2838
1202.8282
558.8099
826.79816
1267.5426
670.7685
1159.6232
1591.5197
1141.0569
1006.32495
1256.2643
879.45953
1226.9185
1192.802
1206.7275
619.0988
731.0797
1164.9734
1148.3389
763.2685
522.728
1118.6218
1019.6196
486.6029
1121.763
369.85925
1131.6896
1471.9751
1603.7332
1184.5675
629.43774
821.6376
1174.916
779.6979
924.0674
800.3018
713.20337
638.3735
988.1074
392.62814
252.35248
623.2969
1082.4323
1055.7188
863.4074
1133.1223
1056.5898
1236.4382
919.48315
1221.1598
473.37598
472.97046
1153.9452
371.9902
835.1045
772.2574
275.9008
220.85841
542.6131
405.71915
477.0077
529.43274
378.4006
546.61597
638.22925
804.73303
976.9036
180.80121
526.97394
360.46478
461.1542
303.98544
223.09433
163.18855
347.69138
456.95166
251.63908
170.89876
135.36537
363.61926
230.92496
456.1477
311.14917
154.58734
968.5842
592.5091
302.04623
1077.1993
736.9195
406.67557
507.0479
248.9432
128.82408
118.10932
197.20747
323.1791
423.89523
397.79425
375.87732
477.97485
577.6324
489.30328
508.5853
537.7726
422.78348
670.37335
832.86975
418.8024
406.7679
488.42905
174.96317
336.17953
466.12207
432.86478
207.85933
203.12709
560.6036
396.46536
319.64114
740.49426
466.68384
652.3161
905.12384
398.61728
464.57898
427.91373
431.28772
270.0092
853.70856
929.6413
634.3722
774.9402
321.9519
725.3692
1689.5674
348.0804
1110.4021
789.5201
960.0531
571.56244
800.407
971.06244
418.07617
331.44348
346.2098
208.79756
245.39044
152.03986
144.40488
923.3868
224.26064
215.43423
842.8445
605.5297
618.5884
580.13715
721.147
375.514
379.43283
561.1877
343.6772
321.57837
914.86383
965.90137
1825.5764
1428.4136
836.64825
674.64246
1392.1167
603.3798
1936.4474
1016.8148
810.2379
588.3881
582.3298
499.33054
363.8205
829.35706
886.6972
690.1819
742.896
772.62024
778.7558
1153.1925
595.9859
900.16644
1102.2648
878.6697
1648.8136
739.7832
606.6847
639.04443
588.03436
555.59814
885.21375
347.63446
990.5729
1130.0562
675.0604
1073.0911
569.3102
388.59045
1248.3761
857.2408
1297.9941
667.5843
1574.6786
1401.6143
1211.6427
2087.8918
1112.4031
961.4811
1464.0873
798.2456
1266.0372
686.2374
596.9795
670.88904
1379.0532
865.3201
665.43646
468.46237
1035.098
1323.1329
602.6135
1067.26
821.59576
1090.6852
592.9153
977.4039
620.9026
360.08203
677.65497
301.46393
1348.6564
615.5664
440.8893
825.4216
896.6573
663.5745
995.4375
463.07635
615.90015
570.057
833.6804
681.8727
822.71387
444.94504
209.4694
250.81384
1618.7427
1025.4976
1168.5189
1003.6934
1222.1561
660.49164
843.04254
1395.6245
1147.7819
670.4262
882.9535
981.8077
512.0994
1030.4724
313.38776
223.2847
487.2084
329.2204
513.4827
484.68088
540.8548
400.91913
308.70248
756.09076
978.8023
337.46384
456.25293
540.04865
360.50345
166.83559
299.2253
98.58258
971.5131
735.78326
949.7804
1115.7354
1013.0284
401.37424
435.2073
655.7132
1067.7744
963.6416
1283.388
866.10974
1051.7263
370.66342
581.1368
183.84605
858.49603
272.46353
246.04893
1365.9341
331.27496
632.0794
584.3753
1802.0107
523.1706
537.3025
1290.7672
1577.3999
228.696
906.0137
705.4648
435.38568
654.3694
195.32759
827.9071
851.02496
417.9253
814.2099
1206.4121
912.15173
292.0374
422.26093
239.14333
1177.6074
483.50513
212.38853
237.53676
249.35378
573.44543
271.8963
433.08566
1651.9878
483.56647
505.86896
433.38165
1004.9755
248.13637
551.8113
665.86536
638.70624
356.55954
598.5214
695.8751
361.40997
2623.6414
723.28394
386.9234
351.9131
530.7716
261.43668
962.71173
526.8641
665.3844
756.6779
769.522
460.86026
1224.3009
439.8382
510.40887
260.4638
2470.614
629.84393
425.86707
710.07184
383.49542
636.34216
231.82097
465.70328
596.40314
515.95624
947.55115
990.52893
756.17303
748.754
1133.9835
1909.3488
929.9381
568.98773
293.81607
255.77629
1007.1692
693.0486
697.2472
707.5332
1308.3733
1882.5415
1315.0391
896.55304
1221.6577
3253.351
1304.1401
933.0546
940.1667
480.6875
401.25986
607.2324
659.65717
346.54395
509.35992
797.1714
669.63904
997.858
633.962
1073.984
589.00604
1184.0037
1855.417
943.8509
692.52454
491.60953
755.4079
275.0899
931.27673
719.2382
1075.9967
929.68506
673.6419
381.11118
387.4926
578.3591
713.28296
953.6481
613.1998
1601.129
733.1329
1037.6129
1087.1925
1110.7194
2536.977
2310.2903
2855.261
1220.2183
1157.8911
1696.4084
1031.3828
497.8962
901.6799
1513.3091
1117.93
1393.3179
1626.306
2416.5125
2488.3218
792.3789
2677.6504
3996.5308
2086.0222
631.9011
922.27167
603.72
979.0576
1594.4639
1171.7523
1693.6831
1486.1187
538.996
2296.9495
3581.6958
1000.6683
2552.5999
2514.8357
1594.0952
1161.9027
967.7127
1489.571
1273.574
885.9975
1179.8546
2209.0386
1671.3851
637.95416
326.023
2047.9755
3154.2258
1256.307
3308.8262
1126.1758
923.5114
823.54004
1622.8711
1204.6953
1008.255
1173.4609
530.43115
1013.7893
1038.1705
645.7228
1029.7899
1443.8647
930.2072
844.2698
475.14233
915.51624
998.34985
1177.3641
910.2901
1027.5343
617.4345
715.3426
2424.8118
1588.2928
2193.8838
709.018
1084.269
2584.9414
1819.2894
1224.4329
1106.8086
1179.2583
997.29346
1165.7828
1821.3468
2411.9475
1189.9972
886.6925
1484.5419
2281.3235
1743.6605
1328.2896
759.5862
2906.2944
1080.5736
875.4755
968.35376
1715.26
1246.5892
913.719
2882.007
1720.1298
1402.3638
2694.1687
1581.4116
908.53705
2511.7969
1527.5953
216.80951
1707.1947
1029.2123
418.47525
1004.0206
1057.0254
1693.0968
1452.6212
2001.3033
1594.9268
1787.5991
2355.549
1797.2263
824.2726
1071.9698
691.5329
876.67474
625.5129
1731.3992
2550.6394
1444.6477
1472.6411
1334.659
1296.8048
2451.2441
1905.0044
1787.962
1830.5511
1098.087
481.3677
916.6087
256.40866
535.2288
759.2456
743.1072
1559.7677
1197.7196
1725.5853
836.7035
572.2445
1510.099
1326.0563
1350.6849
256.38864
819.05493
228.49861
788.2737
435.0777
187.69722
482.85718
1974.0731
2636.1868
787.4775
915.338
647.7469
768.8897
1189.2421
879.22614
913.5104
1366.9664
1015.58093
1237.0162
1039.1764
1913.9252
987.5884
1423.5786
1244.4537
2037.8793
1600.0402
976.088
760.0748
1671.0858
1864.6456
1387.367
840.14905
1981.6653
1420.2534
584.32086
354.42603
890.02765
394.61194
1692.0985
2271.9456
1952.0391
1217.5082
2056.8804
1952.6628
701.4453
1257.1354
853.8362
418.93088
2755.2366
1348.3069
1058.4027
777.50726
1423.1997
1238.499
1467.9692
1177.7214
787.50055
750.52026
3847.2366
1223.0844
1264.3027
1147.9193
909.40546
591.74176
1156.0455
1165.6224
812.89264
534.34357
1453.7446
1126.2124
1491.7395
2214.4712
2978.4636
2889.382
2050.558
2507.7275
1109.1272
1671.0576
1222.4193
1138.3372
693.2009
820.03406
908.4934
874.50464
671.7677
1960.3647
1219.5287
700.8103
785.4665
2095.0225
2044.1185
1999.861
2532.4714
1811.8473
2190.6956
1027.8407
1259.4978
1090.2412
766.4735
1284.0824
1371.7324
1604.3097
1818.009
961.12
1020.19293
2439.388
1375.4878
1222.2292
1662.3998
1668.5685
1151.773
610.6489
1179.1389
1037.0671
1709.1678
847.53796
1606.7808
855.2662
2898.2104
2887.227
2537.817
2745.2417
1757.9298
1797.3517
374.29855
1521.964
1056.0469
1883.4056
790.9808
1058.7343
1480.3755
1126.1265
706.54785
1248.0841
942.86334
927.27325
589.8794
831.5372
610.33545
474.83603
941.059
1278.6757
1223.2284
784.79395
507.2897
1000.05585
1590.7173
898.06665
1739.577
645.4094
1964.1694
1150.284
1864.114
1271.9886
858.3251
1602.707
1695.9838
2148.2346
1269.2449
1055.7145
1086.0051
2473.8943
2068.03
2353.979
512.2393
310.49106
1527.1432
977.72644
1024.1417
1316.6057
1119.4011
1243.4968
1358.2126
1822.8322
840.77673
1940.5922
862.0246
1846.3795
2725.153
1001.92883
393.8317
336.80957
1936.0558
1173.9156
1669.3961
2145.2488
1990.9924
1646.2184
747.7128
1085.7286
1636.5153
1957.1549
1130.026
1013.55304
1287.9681
863.21747
854.4703
861.05023
748.2967
1270.8928
1284.9335
1591.0815
906.5058
1498.7456
1699.6215
56.157055
44.84415
57.838963
979.74493
6114.604
2341.5098
501.81683
293.42725
305.91766
1411.3434
1648.722
670.5498
728.5696
1310.9175
1058.8914
592.83154
1051.7606
1747.1901
1238.3608
914.2444
1675.9536
1142.513
1121.426
405.5243
406.1951
1161.5883
1297.3625
1187.0454
1206.4259
893.09564
1047.9764
544.14825
1127.5494
1034.0587
518.8742
864.69305
484.13596
1043.164
368.84702
225.08662
1181.8805
241.16103
659.4611
530.3299
601.60333
367.6578
768.2258
316.91794
476.7316
1175.1273
177.15092
1295.022
263.5365
1293.6158
310.4784
467.29376
373.26297
897.0565
1925.8046
1138.3075
1120.5781
2522.0706
2279.903
2207.483
1161.6895
1608.7998
1201.881
444.66742
1332.7067
635.9844
1029.9064
1264.3125
1285.6534
1403.9791
1460.936
720.92816
710.8585
670.7851
920.8698
1229.9146
459.25116
830.0826
856.2834
693.2713
407.22336
266.70932
454.05777
389.28168
1299.662
1459.8965
1359.5712
680.4031
650.99664
567.9825
878.1739
796.0281
932.46014
925.628
813.9592
322.8459
705.54614
811.6848
372.48413
403.55734
783.02264
2044.903
1839.2869
1167.4695
1457.3445
784.7448
1531.7076
610.9877
819.57007
659.89526
664.2524
352.43338
362.69498
689.32513
478.62976
860.8349
1072.8539
2187.38
1165.761
1239.4591
895.6016
579.76526
468.0514
1043.4414
572.8538
975.75653
415.292
798.4069
418.077
770.61414
467.27478
571.30304
808.0519
1795.3428
537.8995
850.5089
1322.5759
4594.224
3983.667
1764.0946
861.07983
989.7555
1277.0986
749.9153
988.9178
568.3548
1245.0267
1303.6561
1690.2043
1522.4269
1085.8562
340.60605
4385.888
2600.4543
8584.813
8918.343
6217.18
1515.31
917.2189
1558.867
1774.0155
1764.0802
2377.753
657.14923
388.56226
2852.7266
904.2715
1651.2349
2656.1846
2906.468
4661.871
5216.7324
928.1693
1523.228
1792.5012
1685.0188
2362.7175
3212.5393
2459.2522
1552.1525
980.13165
1788.9154
370.76608
1029.2483
1508.0781
2582.106
1933.7941
1029.7673
1310.3516
1791.1458
2504.3147
923.2265
537.7589
2437.343
1827.492
634.7459
431.74066
1619.8258
1003.4319
770.72626
603.7677
727.7063
654.88654
1039.3213
1054.8016
1604.4354
814.17346
698.797
481.66577
1067.9163
977.35175
1415.1348
800.05096
1603.8164
682.068
714.58264
884.80695
637.6238
1057.0159
975.0133
1052.1254
1584.3055
651.2666
438.6793
508.19797
1277.0073
1344.3256
763.29626
1164.606
1710.3181
1372.3936
1137.929
1495.7772
1091.5632
1105.5802
1488.274
2365.914
847.8873
1856.5201
828.1127
471.87573
1823.9897
1226.0718
1165.2089
385.5498
491.29095
785.6164
1290.1208
541.7178
1604.2745
1549.3617
763.8718
1950.9846
3213.526
877.23334
959.74335
694.31
647.4927
1562.1957
331.3783
167.19716
1641.4036
528.43744
910.87634
1457.0321
584.53
542.8429
1663.5691
961.5733
649.465
831.5278
2011.2543
861.6646
1689.9425
477.67102
232.65788
886.5493
1298.9453
2259.5989
3476.2256
977.6076
1395.0566
381.9288
297.43527
954.14545
1614.0563
2267.3438
1103.2222
776.81287
937.23364
442.57452
918.1725
521.2923
1600.2168
2210.2798
1542.7211
527.7656
721.32166
141.77603
282.4238
324.35248
501.87576
721.38696
1050.3346
1124.117
456.3576
704.30774
327.92993
598.1159
71.35717
154.99693
688.0437
475.5909
262.48425
245.92743
738.5938
373.58176
266.56293
598.2897
1368.6
963.0405
453.1328
538.09094
490.66348
553.37366
610.8741
203.42075
355.94626
179.86488
225.30179
667.7581
649.9759
559.55865
132.95865
106.44028
804.69855
862.0208
769.73627
667.26697
388.28333
622.8026
719.51324
725.7441
591.42615
355.19553
655.3677
774.019
395.52298
390.87152
1355.9956
269.97958
580.0254
535.24146
369.64066
254.50009
274.898
244.69841
436.73303
644.3677
310.70477
400.74475
318.88562
363.70343
213.58652
306.0297
397.51617
412.0511
298.26044
220.1503
675.9646
648.5295
392.0988
350.17728
852.20294
426.08105
368.0089
359.25903
237.22453
301.37833
449.28738
154.23463
543.38574
344.53857
382.6275
370.07242
450.2259
484.0967
342.6768
317.32867
395.85092
279.49277
199.50237
130.51547
130.13
344.4655
278.42117
318.5327
108.312
113.68763
544.1747
355.32935
165.14584
241.58394
695.8612
905.65106
1378.9445
342.9151
272.66623
297.2709
409.71277
987.27875
1207.4166
902.6741
464.57156
163.71909
627.19617
325.52936
257.71173
302.47168
423.76648
505.73627
1488.4608
710.5307
450.79645
704.8621
1198.8094
1685.758
916.03735
1416.1346
556.06885
458.84512
446.5623
402.27158
401.3712
559.9855
321.02512
690.9875
830.2284
1209.6461
616.8201
634.9407
403.62683
468.04904
374.40765
499.61206
105.01249
419.57578
910.2353
691.24274
694.1053
1158.3462
1025.793
304.86646
328.4836
771.4356
507.0048
216.74321
258.2547
378.00534
191.56122
499.3991
624.9993
346.56473
832.66406
486.8732
326.39392
378.58795
764.9006
1932.2474
326.8536
533.7378
300.68802
225.6419
156.65225
265.83572
390.93686
412.68594
418.27917
1197.871
2130.4988
2193.015
553.48883
511.92673
2680.9536
781.2212
381.43988
661.76154
374.3779
181.74776
244.25446
327.64178
451.59027
360.51556
487.09018
819.84576
391.50964
598.8268
682.8758
934.7351
2011.6367
861.86365
525.49036
423.60767
222.44508
310.82675
329.74725
618.1252
447.84497
302.86252
525.23755
263.46118
318.8584
473.44556
463.09302
656.5498
580.6153
599.5189
412.66336
348.7976
470.74323
531.98914
359.21838
611.703
804.88745
593.0986
380.2728
302.77005
409.3404
450.09216
339.43375
206.17798
556.4942
434.4976
429.76352
683.38007
701.67786
395.90088
330.72546
312.9975
919.16644
507.7929
319.7209
707.3691
349.1607
457.6121
476.10547
881.2528
555.3639
1064.0414
2804.0674
1436.1354
1272.3434
529.5868
513.3748
1073.1443
642.05444
871.423
447.60257
834.53577
532.81805
286.24646
323.2034
231.09549
161.35489
147.7655
780.4344
1054.9583
1013.069
1217.7662
1098.9369
2204.188
1902.6144
1605.8081
1123.2848
1966.9069
806.9224
1632.0244
1681.8407
1229.2927
1993.1538
1569.7212
1582.097
846.904
1100.141
570.58966
496.76752
622.55853
1159.4901
1226.2062
1642.523
640.8841
1559.7456
1574.0193
1650.1377
2349.1357
1517.2375
2446.1348
958.4168
1128.8347
617.05035
912.12054
981.2533
709.9689
853.2389
1009.5926
947.9824
1680.291
2259.7698
1454.9879
1050.6139
1919.7242
1613.0055
1291.8657
1127.7295
991.57697
1618.0587
1015.26337
1772.2258
1628.0559
667.2595
1567.7798
1568.5848
1420.4253
1903.6028
863.643
1364.0525
1208.5262
555.1153
784.2258
1918.3549
1784.0056
1659.2937
1238.0752
1806.734
998.9881
1770.9089
864.5409
1412.9703
1518.7593
1442.4711
1489.4677
1228.5704
1111.5282
1344.8335
1121.4108
1352.2495
1142.2737
1551.0192
950.9278
1237.0391
1475.1759
780.8949
1994.8942
2687.1794
2232.4827
2084.9897
2103.7239
1276.7484
1078.7926
1797.8856
1038.8849
1850.9156
1066.8534
1946.9033
1608.4891
1495.9589
1338.7903
1313.6128
3383.1392
2988.4348
2034.4067
1710.5077
1238.1066
918.9458
1675.9287
1254.8525
934.8969
1943.9175
939.42676
1429.1897
709.56134
1101.8737
1569.6348
1268.8871
1390.5435
1429.867
1069.17
1227.0907
1042.2756
1404.5004
1228.4164
1215.0896
958.75854
1954.2911
1427.6973
1099.3452
1510.7197
1144.6012
1782.9022
1628.2284
1685.3975
1637.9869
1058.9331
1301.933
1506.8174
1283.2849
1062.5599
1146.835
1121.0918
2305.231
1206.6923
1708.7203
1071.9036
1505.0015
1404.7988
1259.7561
933.77313
1697.8652
1286.15
1027.3094
1164.155
1274.413
1364.7164
1214.0858
1019.86755
1868.7396
974.6899
1541.1603
1248.9584
1531.227
1311.2635
1573.892
1450.5441
1038.5748
1577.0559
1290.6053
1154.623
862.7058
1264.0966
1081.0928
1041.1586
2167.3147
1558.6249
2185.2996
1540.9285
1665.1824
1897.4973
2287.156
1995.7758
1883.6213
1106.9489
1788.6323
1449.067
1134.0712
1083.871
1040.9795
801.19635
1724.7855
1364.2101
1414.9994
1381.7483
1518.7705
2217.772
2317.0557
1752.0852
1781.1802
1373.7224
1075.9991
1597.0697
981.773
953.9055
953.3358
517.3864
1221.4609
617.6539
1233.1515
994.42053
1510.6262
1291.1903
2331.694
2411.8027
1550.9231
1404.4609
1170.9674
1225.8965
1092.684
765.96277
961.9513
651.52673
898.17664
668.47943
1054.98
1080.0275
1275.4348
1243.1396
1312.2921
1866.4939
1303.3063
1550.2292
1548.2881
1087.0323
1275.4602
1234.9957
736.3886
597.92426
1044.7518
762.678
577.43536
1048.7217
1109.8269
945.21844
900.82355
1631.6729
1781.2787
1160.9989
1213.4393
1100.6228
1105.1584
619.9349
270.9716
296.61865
1142.7944
914.9232
743.7008
688.63696
848.3137
1498.374
1430.522
1522.7194
1200.1859
1210.0864
994.3904
1354.6559
1054.0354
803.2177
518.795
693.12976
1094.0848
348.61505
619.7125
383.1233
648.54193
523.77216
471.2453
750.48956
757.15173
621.0215
1086.7058
365.43
261.46793
391.63324
1316.3604
1238.5808
803.83673
642.1179
542.397
714.46826
532.6712
722.3289
580.7139
1049.2936
614.79376
817.9582
849.59106
588.1216
497.1818
661.1994
424.3797
614.5058
1562.1173
995.21594
1346.1405
1260.7406
550.7049
1357.1854
707.4068
1818.349
912.65485
1837.5818
964.16
1285.2224
1057.6464
918.4418
1144.4111
1141.315
1450.975
1151.5238
837.66455
1739.623
847.2473
1718.1311
1084.3022
2247.8171
958.9369
1340.5037
932.4477
1541.8757
1237.8793
1128.7225
1099.966
881.35956
1869.8501
975.1618
1281.5012
987.4947
1391.469
832.4222
1655.9457
1642.7367
1247.5331
1906.304
1095.1901
1449.6396
969.92584
1660.2871
1349.9043
988.7982
1696.1448
1214.7327
1757.1526
1365.0792
1003.00793
1655.5621
1704.6941
1204.0803
1693.1656
1806.3232
1158.3708
1212.3307
1260.4603
1819.5493
1122.483
1071.2722
1631.0518
1255.4017
1255.4625
727.201
983.15814
1314.076
1079.406
1206.858
1435.7358
1127.185
1065.1055
1313.0438
848.77893
1662.8304
1111.3016
1283.2512
1802.4987
1037.3818
1370.3889
1494.494
854.63885
839.4904
1313.9147
1137.739
978.23016
1067.6737
1572.7046
1273.2206
913.188
1220.6143
1271.4491
863.8303
2309.6174
1742.7472
2220.9292
1248.2097
1064.9836
1564.4446
1121.5327
1869.7407
2322.5942
1332.3853
1097.8474
2135.6099
1570.872
1466.8558
1316.1985
759.5411
2220.4763
977.29407
1115.452
1246.6259
1411.5459
907.48486
1127.9183
1165.9585
658.3613
773.5679
636.5078
861.1625
548.392
1089.1007
977.42535
601.26624
2149.484
1300.3387
1778.8192
1611.5299
2182.3884
2110.2375
1889.0525
1828.785
2112.9504
1210.25
1417.9982
1367.6542
1318.8071
922.5862
710.74896
528.5007
1597.0558
1002.19836
2479.1973
827.4635
1378.9147
1003.13165
1208.5098
1331.142
1583.9371
1745.2966
925.05164
1513.2462
1019.1916
1219.404
935.2993
352.72107
1147.9657
386.68005
636.1455
989.21826
1673.8452
1801.7169
1853.8273
1078.8811
1928.1533
957.59265
1214.2837
1122.9916
1243.0884
1104.9047
586.2748
636.2551
629.1504
731.4715
625.512
1320.507
1476.4254
1437.9341
598.0292
1001.3358
382.18134
1174.5781
416.43304
1044.4703
313.58228
481.5728
186.46239
132.57773
483.86087
544.18945
561.2637
520.9417
160.7622
217.49721
268.94006
381.74094
368.89374
451.50623
261.4501
349.4867
125.75091
97.7967
128.8264
369.90555
817.3162
1181.9312
1551.1488
1484.4065
1750.593
1448.5715
1808.4747
1210.9269
1182.6936
1430.0371
2377.1948
3062.933
3576.097
2815.273
2052.9695
2639.181
1467.7925
1011.4379
1558.9222
1341.0896
1755.6737
1912.7526
1427.706
1424.1814
1078.1682
1394.1981
1714.8002
2128.7888
1459.8942
657.73157
1216.2649
2854.8982
883.99426
2153.4287
2059.2676
2159.7837
1671.368
2084.4856
1681.2146
1772.8944
1589.3271
1482.5844
1800.8442
1895.6755
1749.3148
1942.3824
1724.8524
2189.0815
1328.0936
1872.9354
1163.2651
1403.5697
1206.253
1606.796
1599.1509
2252.6243
1311.6753
2058.92
1459.043
2205.6787
1756.7496
2843.8196
1266.7716
2651.6584
1488.3224
1501.1886
2215.9958
2263.6216
1606.5018
1477.321
2015.1595
1129.3374
1036.9906
2284.5742
761.9512
1263.202
2782.161
2061.7134
2102.4844
2213.697
1206.097
1527.6318
1778.9075
1550.7864
1436.4797
1026.932
1850.2333
2254.181
1688.9982
1604.2416
1115.3389
2052.2708
5583.7056
2248.0093
2586.1448
2357.9045
1475.5583
2064.0425
2044.0242
2136.5237
2041.2266
2636.5613
2607.3818
2462.4097
2185.0337
1933.5475
1880.0712
3743.4963
5346.9272
7397.1475
4701.4966
2410.666
1195.0049
1163.3765
1870.3958
1396.8877
1468.3688
1430.0251
1690.0355
853.7809
2503.1462
2415.763
1944.5227
2636.161
3558.4321
3712.3884
4281.452
2380.5046
847.0618
894.3977
1778.0037
1500.4371
1519.2473
1846.4543
2037.0737
1514.373
1555.4385
2109.331
2885.0857
1799.4789
2123.2158
3349.034
2722.0962
1869.2802
831.7425
2113.8076
1773.8337
2012.6294
2124.091
2421.083
2219.684
1134.8556
864.66406
1268.9156
2427.734
2750.9656
1433.626
1462.6243
1957.2157
963.7592
778.95636
1762.1069
1802.6033
2040.6448
2141.5413
1592.9801
2676.5627
1689.5841
1051.047
994.46783
1848.0286
789.3087
1649.1212
1202.9974
1597.345
1535.2606
1197.6586
2108.1343
2170.7227
2203.2217
1313.9253
1303.5215
2743.7012
2195.3352
817.31464
1187.3092
1809.4637
1705.3241
1235.0969
829.7692
1084.6964
1954.0731
1355.8208
2001.3175
1767.0295
1395.2396
1676.6995
2032.106
2342.057
1595.9421
846.4464
1448.5945
994.1638
1204.2771
749.8197
557.905
775.0923
1792.4131
1303.7784
1692.0463
1373.429
866.7346
1557.6931
1419.6744
1985.7157
941.61926
742.7939
609.07874
1116.8704
1012.4705
401.50595
763.11017
1413.9406
1457.1082
1045.0729
755.98444
1089.85
704.8899
1242.51
1179.8519
1372.1177
1618.3826
1922.6569
1151.9608
564.01556
1107.417
703.4646
447.34836
926.77374
815.9949
634.76544
593.3656
689.38293
1080.6189
636.158
1026.5394
1013.609
1876.0159
800.25494
454.6161
319.59616
480.0045
523.6701
348.21436
223.49886
317.25473
893.31366
1330.0105
1276.1086
1471.373
1138.0758
1410.9017
1704.6855
1448.3986
1871.0122
1628.4376
918.6854
1089.3077
1786.6929
843.6983
2129.9258
1470.5575
1940.7544
1101.9922
1153.8821
1406.4462
1043.0862
791.1185
1574.0906
1042.7317
814.57166
610.73444
759.4426
1902.1145
581.2776
1339.0433
1224.2561
690.7783
1995.1564
1234.8848
1572.448
1653.8418
1788.6941
1522.9915
2264.5505
1720.9719
1761.4641
585.2804
1451.671
686.5686
1116.5955
1150.5178
630.65594
846.0587
1571.5762
1830.9535
2313.4644
2012.6567
1349.0464
2005.0197
1708.8546
2437.776
772.3377
965.6148
831.5713
1630.3284
1151.7385
1614.6136
1749.2458
1484.7551
1761.4491
932.14136
1753.1836
1474.8175
1072.2776
657.1951
1060.5645
2227.46
1033.9391
1512.7407
1598.1329
1758.7786
993.29846
1611.6637
1322.9852
866.7712
1803.3169
1880.2281
1622.4977
1151.3123
1483.8351
1023.57556
2004.1991
2273.6423
2077.442
1614.909
1622.2565
2053.1838
2043.9424
1833.1016
1017.4109
649.7709
2520.9343
975.9477
1482.0017
826.6705
1259.7156
1862.7936
1225.0842
2025.7041
1337.3218
1794.3546
1278.4767
1656.3186
1481.1375
901.81525
622.6798
384.3014
2738.8457
1446.104
902.61926
973.6085
1276.6335
1460.611
1834.4327
884.66705
1425.9192
1928.951
1700.6924
1582.1584
1344.2245
815.38214
812.9251
533.727
2650.5044
1337.4102
1319.8977
1381.9562
1795.3322
1767.4342
1569.5546
1194.1589
1987.3436
1718.7949
1632.3752
1196.615
696.50476
1007.8081
1008.7658
542.79456
1813.1543
834.1911
1597.862
1378.8143
864.78534
1125.283
1103.2212
863.5007
1488.6233
1510.7046
1526.6964
1354.0499
792.9947
547.7881
1297.6941
891.55566
1540.6278
1417.2375
1272.8911
1948.5488
1808.5117
1123.1088
2165.2117
1259.4004
869.59344
1689.1681
2047.9324
2264.9766
1354.2201
2436.0881
1178.6697
1664.3984
1547.429
1039.9656
572.00336
1556.6658
1316.2814
968.86224
1432.2787
2284.5164
846.1234
844.7731
1650.5721
1081.4451
771.462
1169.09
814.86676
1255.9663
1293.2964
1139.4121
553.0878
483.64417
509.6705
1224.9526
1319.3677
1051.2008
1980.075
1582.873
1910.0747
776.6296
1647.8838
1706.3218
1169.3307
952.3376
1039.558
1200.445
1355.7318
1115.8663
634.2281
841.9323
1618.3629
1672.4137
1864.4982
1502.886
1069.8883
985.85266
573.1807
988.5133
1149.8853
693.3526
724.87225
923.49567
1105.9073
743.7845
653.63983
557.0093
1156.4745
1435.1202
1592.4478
1607.5879
1301.5441
1065.6031
525.66736
572.6227
366.587
237.3622
491.44565
279.68442
392.98962
533.9873
444.20914
518.5836
724.53485
764.96063
507.24673
540.1262
578.42725
523.71747
443.70093
220.06342
233.30376
146.88498
81.21728
-0.84236443
69.341415
59.985218
45.11094
79.721535
51.18783
106.655815
99.82341
140.43625
285.05106
158.73697
203.58046
207.50407
271.55533
198.72769
388.71167
225.72931
153.58054
254.87836
286.9698
183.08813
367.67276
236.11067
197.6714
278.17078
114.8331
261.35135
472.8162
482.95404
424.29794
248.19345
429.48685
292.3305
409.9181
416.53735
456.77866
577.4027
708.20905
388.311
536.0268
585.22534
481.81436
403.8646
231.12344
350.35294
596.21924
480.48697
231.95853
924.94904
394.42508
491.12576
580.2549
528.8875
650.01117
759.0197
696.1116
566.8126
247.17514
444.2378
394.68542
249.81352
422.49258
373.07486
204.66434
902.3733
542.2589
679.66595
273.7328
328.0446
831.53687
760.08325
902.24097
817.40857
521.86896
680.0304
629.6142
542.8988
268.09406
500.34445
910.15283
1027.9023
1440.8893
927.24005
818.0725
1033.0011
896.8135
1029.6797
885.6717
1373.3915
1311.8165
854.97327
415.60934
1002.16223
654.8787
541.674
2117.5076
1294.2604
1272.8208
280.98578
643.55634
610.046
344.09186
783.2786
716.83234
1212.8264
508.0642
526.88257
1210.8092
372.04852
280.07455
918.4583
752.9596
1750.3025
1164.3453
1026.5236
1068.8793
776.17285
571.0066
1356.2853
1227.2418
1141.8646
1027.738
787.97327
925.078
773.4601
1078.6929
934.915
377.74063
1458.1296
1426.0342
676.4687
1096.987
1071.2677
259.99387
680.08014
1154.6051
1207.4224
985.126
1003.5725
629.5208
496.88916
1053.0742
316.70483
1421.6313
2051.9963
459.0009
1627.606
1478.9539
1654.7081
1216.837
480.2559
1916.0651
709.8911
1132.2594
1320.9418
1086.12
873.2384
1442.7146
563.8396
477.1079
1761.5876
1667.0979
1435.5812
1830.148
2485.2114
2098.9243
1837.0691
2022.7823
1362.9192
1718.9305
2087.8062
1101.0499
1627.9291
1498.6715
1084.1836
560.09357
2508.3972
1913.4583
2860.3875
1735.2439
2526.5613
959.97546
1726.2207
1473.209
2163.132
1591.2617
1823.923
1237.2811
2165.0305
1710.568
1321.0538
1643.584
2014.5427
1384.1965
1411.6606
2290.6228
2154.9153
1687.994
2304.5386
2287.1982
1707.5092
1998.3647
1388.8259
1419.4581
934.6898
1694.306
1294.5776
1825.8108
1736.974
2757.849
2468.943
2528.18
2050.2883
1650.1023
3084.374
1707.6666
1116.3533
1701.725
1270.7676
1695.3188
1275.3689
1225.806
1206.6465
1634.6022
1529.3093
1216.521
2080.809
2563.2837
1989.199
1794.5084
1593.5767
1260.5746
1243.0173
1463.8077
965.5553
1640.798
901.3406
866.962
817.10345
991.1867
956.7454
1498.357
1774.2792
1674.526
999.4915
1685.3293
1707.1486
1124.6956
1108.4349
1112.2767
824.73486
825.1268
734.5772
640.24713
970.3865
1297.8226
1776.5663
2273.7815
2061.8093
710.817
1617.0563
2038.8126
1446.8687
2168.9277
2821.4172
2709.7573
3624.82
2918.1714
2892.0747
2251.067
1114.323
4025.9893
2985.4114
2907.597
3658.1824
3050.3098
3439.8215
3516.7024
2895.5498
3074.1292
3474.6753
3827.5073
2931.7258
2726.4
3321.905
3129.706
1967.43
1879.0509
3808.8372
3703.713
3039.1917
5871.1025
4787.0024
3798.898
1852.5903
2892.2415
3456.0205
3845.7996
5141.346
4280.4844
3594.0288
2702.1523
2970.9453
2194.357
1237.3312
2853.6926
2674.932
3027.1006
2882.1733
4555.434
3113.2083
5119.241
6482.526
5978.561
4318.134
3270.8826
3474.8542
4207.8003
1369.4713
2628.383
2816.8694
1517.5865
3206.7578
4912.1025
5599.5415
4386.778
4970.2144
6447.9224
4714.1475
2836.5305
4209.853
5494.242
3829.5815
3800.2007
3638.7651
5957.1377
3795.1377
2879.0835
2881.8997
4015.5208
5550.486
3754.9875
3903.3062
4926.238
5420.891
4818.5977
3431.5688
3503.9595
3090.699
4573.0547
3160.12
2822.4917
3047.6492
3368.6016
2506.1106
2799.2375
4431.349
3228.5178
3526.2832
2587.3977
4582.5557
3031.855
3142.3574
2715.33
1639.0258
2123.6711
2269.1685
4385.0776
4657.6694
4669.746
2722.0542
4707.2935
4274.2026
3235.8323
3715.996
4106.8047
3430.6064
2555.9436
2810.1672
2770.0957
4200.9893
3220.0625
2709.6
4200.7354
2927.221
4533.281
4130.361
3340.9746
4397.1226
3826.98
3980.5361
3609.2861
3114.8503
3454.2363
5195.9497
5705.547
3307.6814
2068.1406
2021.4321
3603.4368
2846.9375
2133.2212
2158.459
2536.149
3698.4893
2744.3438
5029.705
4031.9443
2756.064
2273.9297
3028.6296
3543.668
3085.8123
3810.6155
2453.7126
2612.187
3280.16
2024.1194
3381.3276
5507.756
4464.2964
2949.0962
3786.4626
3491.8613
4251.564
3646.3904
3199.8118
5498.6875
1217.4819
2347.576
3191.0598
3202.3005
4374.192
4565.0127
2720.052
4749.938
4586.833
4264.232
1715.4374
2208.0347
2965.1025
3947.0657
4014.8154
1649.0565
2534.8428
2222.2922
3217.2927
4155.8975
5145.0566
4645.238
4617.952
4401.9023
3409.508
1891.574
4081.5574
4681.045
4223.0796
4415.013
2711.043
2246.6501
2349.3838
3535.9749
2635.574
3776.6084
4776.2656
5541.827
6159.7754
4437.3994
2540.9104
2063.5693
4016.0806
5171.8115
5372.43
4164.6772
4175.2095
2974.3442
1913.8531
1895.6838
2918.8752
1995.2634
3041.3728
2149.7908
2919.974
2648.3064
2601.435
2028.0007
3676.5095
4665.5635
2004.8615
2320.0217
3269.7317
1428.9332
2416.6335
1726.4384
2518.4768
1633.6387
2073.1697
999.02356
1429.9526
1033.2896
395.45612
615.1834
1684.3494
1944.253
3060.4932
1780.7621
1912.0752
3527.0234
2321.4902
1612.6093
1805.5183
687.66315
1457.4963
879.63104
301.5252
980.77356
1871.6581
1509.967
1300.2142
1782.5352
2520.2588
1152.8597
1831.3235
1895.5527
1029.24
1290.0759
863.28204
1859.1685
802.15234
537.2473
846.7223
554.7218
833.40686
885.633
1028.1023
572.4145
418.31818
719.41156
517.66327
764.1612
894.27466
717.1406
1380.7379
697.9339
464.04926
327.83304
326.26266
360.04767
410.12943
232.20963
455.27
382.17688
445.41306
444.08102
314.9382
206.13766
299.2439
315.41037
436.3224
1735.3495
1450.6704
1070.6648
1700.4591
1885.3794
1334.928
1041.1194
2185.65
2169.1326
1184.8827
1891.0732
958.3803
1577.92
2159.137
1002.72107
1319.6743
683.3982
596.9405
844.87335
452.94736
392.6466
599.8028
454.94092
775.07477
507.74765
963.4252
537.1264
795.1673
585.29193
336.3795
585.9868
714.0143
2022.4698
1577.8374
1952.6508
933.6565
1943.1293
1574.4021
1487.5753
1475.4236
1673.5316
631.64545
1039.922
1488.8722
1304.1218
1169.5587
1022.478
1369.911
1792.1605
1260.3606
2146.3972
1747.2242
2010.4482
1287.1654
1205.4348
1957.6414
1434.6392
1750.826
939.7312
1119.7495
1008.8824
1463.5562
1121.6128
1226.0504
1291.9894
1013.9417
711.06305
933.6325
842.39545
1065.5704
1007.52954
1259.7112
657.8311
952.7162
825.637
997.7092
720.07935
782.9458
774.68976
851.5482
1159.5272
691.7539
1225.042
756.87616
948.2182
661.81177
689.42456
1057.1262
757.7896
566.8739
823.838
1169.0586
999.2491
1280.6272
852.76666
746.26917
2141.0415
1215.6898
1242.8623
2011.2661
1643.5442
1789.9891
1681.5674
1574.3313
1771.835
1808.1012
1901.9552
2122.5417
1519.4922
1732.5188
1978.6187
1198.4962
2442.175
1117.9017
1357.1295
1467.0402
1517.6844
1488.2927
1503.8291
1772.3031
1669.0798
1356.4398
1160.1102
2000.476
3500.274
1393.3215
1464.2526
1213.723
1801.9496
783.6893
1162.179
1200.1549
838.39343
1023.466
924.7866
755.3054
1178.6403
711.26086
919.6194
980.3798
1038.6145
714.4094
616.5183
626.6016
1693.8237
1233.9214
1391.8147
1588.9468
1609.9619
1122.926
1065.6113
1648.5066
1757.5852
1422.1138
1491.8264
1098.0945
804.99146
1254.2977
1913.1766
921.3694
1733.255
1286.4119
1650.453
1482.1049
990.5444
1226.49
2168.1975
1904.5161
1767.8983
1103.5605
1576.337
1392.0475
1042.8281
1496.8759
965.85223
1029.2228
863.68524
835.03284
1119.8743
973.0784
1302.2675
1133.3206
1242.7151
1301.6821
1351.3203
1186.7318
878.2335
1164.5474
826.0202
973.87897
949.6679
861.9661
960.56134
1029.8517
1093.8578
1257.1261
914.90186
1042.5316
1317.6445
1488.462
1357.668
1106.8456
1188.5964
1096.1677
1116.1882
567.9962
921.68726
438.81705
