73.20891
109.33779
55.47361
36.705666
91.61575
49.228016
102.631256
77.96081
43.844055
105.83319
189.81386
121.70455
161.5269
134.54805
119.4471
99.56086
185.5389
115.83219
92.38732
129.44888
150.14912
155.04135
128.73676
158.04959
255.31876
215.32895
141.21663
139.54472
87.02654
125.16347
133.50172
113.43068
319.59293
183.65915
102.90113
133.97345
173.11848
82.679115
94.60052
157.11382
229.62436
254.35881
152.51747
95.52448
103.278755
95.99238
120.04432
145.7743
161.85239
115.07505
143.5389
127.71318
141.91072
141.39885
127.44684
172.23819
119.119225
185.44592
136.50447
109.110756
130.32956
103.62117
118.23033
199.17142
124.87687
109.013054
159.9094
155.54477
156.60239
171.15083
113.714066
139.54028
146.32724
139.52641
137.39262
133.00291
143.21237
142.02655
97.90079
140.3511
147.19756
96.62742
150.47966
110.05889
127.281265
129.41316
116.90705
128.81346
133.37111
150.80368
133.01749
164.94722
105.93711
135.47774
105.48424
95.72731
168.84956
114.14366
119.46109
122.58535
138.25659
118.29307
100.599976
163.35915
116.74143
94.22354
118.03488
127.518394
132.01747
126.90941
95.5858
104.611534
124.46195
82.40133
100.5995
104.53054
105.73767
120.91906
95.1857
89.92439
128.40685
106.176735
88.44869
71.954704
86.53268
43.687176
84.20604
94.90162
144.69162
105.16772
139.36139
92.831566
95.31871
117.02068
114.757286
78.814156
107.411995
85.92352
45.925907
147.68884
62.47022
101.84867
86.51725
79.86845
134.3275
124.34353
154.78157
113.90284
141.29683
86.19754
120.956924
109.4553
132.46918
159.73047
76.61974
118.61992
75.00865
117.32217
109.053024
132.95622
227.32056
196.40573
242.23499
181.3615
160.37952
108.85769
128.82684
115.36215
138.27803
108.31159
111.07281
168.87732
166.9385
134.86497
112.618805
67.01292
206.13515
180.72604
153.68886
105.1928
114.58707
114.22855
113.36223
132.36218
109.748695
115.39713
119.550964
136.53546
104.57516
135.15613
100.095665
97.89529
136.26132
113.28527
131.61412
145.88475
132.39027
133.87561
124.569855
127.53847
122.75566
99.89609
134.09366
144.24348
130.02452
143.75682
138.32509
98.81968
131.3211
82.7586
101.11852
128.29002
140.23622
112.665764
143.77257
79.72055
151.87207
98.35478
118.855064
109.27068
99.643906
105.65975
79.43527
89.98376
88.548676
96.06223
95.45421
101.83136
136.21864
133.21443
112.71959
118.773285
72.1259
143.8951
116.1713
116.527176
123.49979
71.85482
61.691483
85.63187
49.784187
81.3907
88.86845
118.241005
151.81725
120.34136
107.693375
117.91253
77.209854
136.84644
110.692154
121.03412
70.42965
57.933865
56.689156
44.096626
105.82784
79.67295
78.715904
97.24586
102.03311
51.6614
112.96736
97.005035
143.57501
112.807884
162.2075
120.94955
168.71121
110.277245
82.39192
109.21492
104.71253
81.39915
110.45867
113.173225
84.75743
142.26236
92.46368
62.839745
72.89804
55.606827
66.20803
66.98695
88.11341
76.2487
50.431107
33.754925
92.25789
81.61236
128.54417
95.25754
243.17386
119.69997
82.746414
90.84943
84.07607
80.566055
133.9847
127.63472
66.54418
78.483795
91.938995
72.2458
105.81026
71.95355
115.34163
87.39636
120.520294
152.38533
152.98431
99.438614
120.264175
94.0842
71.318565
168.7922
110.07037
120.95363
69.66933
73.36816
108.295845
99.01885
86.88831
118.498024
126.37911
168.66191
138.77303
74.62389
117.66642
123.54627
108.38407
144.04672
192.3362
121.80814
108.03834
80.06517
112.55582
136.28778
113.736465
112.308205
131.95978
91.26633
145.85231
145.81136
117.51489
115.61062
125.41828
107.10028
110.33712
120.16044
69.98044
70.96405
100.15452
95.64069
171.37282
110.9554
145.53526
92.35511
157.345
95.36422
115.11312
130.12384
122.57873
148.61671
109.11768
154.58174
111.86368
133.55705
142.6713
81.51407
105.27582
128.2726
131.92407
152.61964
142.98288
236.38591
157.60365
123.338066
147.54466
132.13991
125.145645
104.860054
82.44081
64.53672
128.50577
102.82771
142.27016
94.09834
141.37149
99.31601
103.770134
141.49707
179.82532
134.07187
69.94867
148.1498
69.29303
100.430244
78.300705
116.39909
184.14241
130.06519
170.90364
144.13754
147.66335
113.223045
151.37779
92.877884
143.59044
141.13261
118.54622
114.85683
110.22564
115.46983
91.1519
111.60255
94.32061
72.44443
117.72552
138.27344
130.70876
163.79863
135.71782
119.245445
145.08224
151.56429
100.23664
171.38728
150.8866
131.24849
117.84582
77.76568
160.45451
144.8583
111.61379
98.186066
138.77455
166.0919
114.412476
118.670586
121.55361
97.72745
122.97046
134.58905
90.020195
135.33139
83.54733
52.98066
111.318535
103.03461
155.55489
137.19246
159.35086
124.69461
63.971104
140.62422
94.63342
119.19436
86.26337
132.3961
69.806564
109.13521
33.416195
71.09206
94.87422
95.67323
123.90189
99.86831
115.05802
141.5261
180.88718
183.47382
139.00613
118.22754
104.48819
106.53702
174.50533
112.863655
87.10182
53.29494
38.755955
78.75827
119.62136
144.33557
120.767914
156.90915
114.39239
142.60722
132.84686
105.724976
140.16728
82.09543
93.04987
67.77621
53.564545
63.144886
43.049034
119.86571
113.92727
118.78376
112.411934
163.20618
116.04361
89.01815
72.364075
74.66279
107.74948
120.498184
76.20857
80.35047
43.82738
56.32584
88.26803
111.860916
111.71144
81.56586
69.906555
127.09226
86.04677
197.69017
152.22168
181.51735
139.33604
271.5769
165.24998
147.04678
173.29692
64.062996
133.0823
77.7489
98.67545
118.00326
96.89921
127.76435
156.65086
122.507324
308.53024
146.19315
53.990486
129.80077
101.69242
105.3214
80.54244
137.49951
103.871666
167.81496
139.37906
118.5584
38.41849
54.19695
170.96207
139.17734
129.01021
70.191635
103.597374
156.53748
169.03581
156.11716
122.74262
111.44804
130.33618
126.44423
83.040344
162.79362
137.45715
75.632515
84.80136
62.37864
100.040016
93.0979
114.70128
81.76813
81.06119
113.53016
156.36911
179.74797
196.37106
103.55524
107.767105
157.53448
171.2989
138.02968
123.60523
145.1713
98.628876
121.68448
96.12011
120.64981
146.58496
151.25082
126.6859
137.346
115.05613
148.5867
237.44807
161.42339
130.5406
118.04173
115.86342
100.95391
113.70126
133.02594
78.85087
117.17893
102.875374
100.74622
98.680725
121.800934
152.50252
120.03112
114.62489
101.373955
141.42027
110.82497
133.98575
172.49648
109.96152
96.9581
116.64295
134.26225
111.48671
163.34293
117.04823
87.415115
157.96164
124.47664
143.0235
105.853836
62.02118
102.23015
116.70044
208.40607
109.045105
126.96271
123.909584
125.54795
160.87918
141.47443
113.268196
96.654854
108.531746
92.63382
129.57599
129.32576
122.870926
139.472
211.80238
133.917
78.4639
85.24824
62.09487
132.92023
118.13621
149.98495
117.72238
103.70053
158.83937
130.42255
138.82431
137.33394
150.38678
145.5179
164.3555
117.86363
123.47522
155.01447
86.32515
143.82161
130.00465
157.48517
74.85728
73.87566
151.93427
133.85597
118.5026
166.48036
142.60066
142.13014
143.5346
104.18997
102.321724
59.16629
140.6161
123.16078
109.16035
143.55476
61.789047
109.2921
182.81558
139.00117
127.26176
124.50911
135.23468
145.62947
139.77063
128.2364
156.92064
164.83665
105.136665
107.6878
146.36656
101.239944
84.19013
85.41223
152.02032
173.18498
112.34057
127.697296
126.40454
134.27005
162.39757
80.32993
159.48286
113.02206
94.915825
138.02599
134.85977
131.28291
64.36441
81.128204
163.04472
168.59038
158.46999
133.23325
134.94348
126.48678
94.08392
126.056946
127.824814
162.03992
104.085205
106.881004
118.36577
70.74297
69.84735
88.71653
134.80696
147.91254
115.36606
67.43721
83.48691
111.194496
98.86411
84.90276
104.7968
36.14118
88.58518
125.83224
122.70039
72.02917
51.815372
27.612188
134.43497
80.075325
89.16447
130.10477
111.76944
119.86993
163.0892
95.74809
141.05478
142.66544
120.11628
154.36511
111.63544
80.97642
105.48327
68.83632
146.03249
89.74259
111.78011
133.36087
132.86725
106.352036
140.65071
139.21863
141.01195
134.02715
179.65178
147.97328
126.21305
137.1239
143.96826
74.55355
179.69695
85.91399
164.86563
104.54076
118.147354
114.49119
122.68741
136.92798
94.782166
109.08615
89.770546
133.68126
124.707115
87.32753
135.92485
45.382378
155.13588
188.43839
85.22533
117.279434
126.65939
117.52373
134.34229
80.43712
126.62304
89.29611
134.21756
126.589775
117.32718
122.89673
132.35521
154.95296
114.023476
116.236336
99.71906
107.799805
146.84569
90.92267
103.220955
112.500336
148.67664
85.02947
96.683685
109.2924
109.38087
132.3755
133.67238
142.47481
198.52637
84.96748
131.36288
142.64624
165.66875
106.42265
137.3438
158.28389
132.09375
96.763695
118.83954
133.98257
126.18377
251.57408
138.9402
137.06186
137.9173
134.81679
142.47336
147.3284
115.22708
106.02176
123.71759
135.99442
125.76245
138.09557
151.45284
157.65312
100.56217
141.37106
130.0622
119.43349
131.74771
96.0378
141.24796
118.96854
138.0377
91.02026
125.67253
172.86963
127.749954
163.72527
136.4985
135.5767
150.5239
154.76228
147.3368
169.0137
151.32974
141.06696
107.81484
95.447014
131.7312
101.42215
136.54268
224.02847
131.7435
116.65144
109.732254
173.88159
274.25934
128.27498
99.07558
102.53302
94.46261
108.30753
94.55875
91.66268
113.346954
168.00595
116.95198
125.25509
145.65518
123.59564
140.79
122.69546
108.66784
125.11909
154.49168
94.43721
147.23975
111.85535
130.97621
137.86887
169.74959
114.82851
127.85009
103.32107
92.394516
115.71488
79.12358
125.07109
128.2802
62.751762
200.44653
88.090256
81.920525
124.27518
123.6292
134.24257
126.38482
123.44573
166.0319
139.24803
78.56693
108.857895
132.36134
143.72614
146.29462
142.7703
104.57578
122.517296
161.78041
83.35482
140.18822
87.72246
123.01136
164.94824
160.3258
173.653
200.35345
137.97601
105.32653
166.00568
115.209076
84.28866
61.110558
109.570625
107.85212
103.41424
142.22511
136.27719
139.19035
122.058655
114.841125
113.88594
143.86621
114.15044
135.17183
141.89207
86.27024
48.22018
71.923325
17.532652
124.44465
88.316154
111.04941
121.746796
125.94387
161.89221
101.72207
132.0813
111.79461
120.751434
97.72965
131.50371
87.458435
105.209305
32.158638
68.37719
68.60574
63.534184
89.389824
124.242966
126.30154
147.8064
112.4292
80.37998
124.097046
62.31874
74.828415
87.16288
121.51789
39.332443
48.567314
51.135715
88.58938
72.94934
123.776474
93.05018
98.78631
98.69977
47.645092
85.58259
69.939285
114.55856
58.557747
73.54558
115.64656
74.24186
49.7714
60.833683
88.15307
126.856476
102.597046
126.853584
161.8239
113.51309
156.59933
132.1869
139.57314
149.85
117.72872
136.04507
169.0816
110.90612
125.21617
129.6747
230.2019
99.48433
124.24319
111.181885
94.31938
95.674286
121.48782
123.867584
178.40381
151.09567
88.20631
108.40502
128.08916
135.45917
83.28846
99.95562
130.35689
76.94975
92.10714
114.02821
148.87498
103.65399
187.5275
87.687935
115.52294
148.3423
117.46296
192.86278
164.1469
158.40672
68.72051
112.346924
140.86752
75.777954
161.8586
137.49216
134.91638
77.960655
164.15065
123.49871
88.369316
147.88782
123.69092
104.018936
139.93095
109.82819
91.972336
107.05577
133.61952
101.25341
120.7167
106.63249
105.5817
58.091026
89.57916
103.22511
117.53501
112.834496
113.36775
112.174706
52.956287
116.15334
95.93622
109.47915
129.9468
78.1395
77.87419
94.36477
146.88893
86.528175
80.793175
98.87492
74.67522
84.286514
85.72461
92.20064
75.31976
100.93811
106.61508
76.893326
80.56267
110.078964
86.68843
112.26883
75.23172
118.053444
87.99417
115.37578
139.06342
89.889404
117.82954
91.49296
91.84979
113.01402
130.87961
78.71564
166.49144
91.12673
126.32806
97.808716
97.299965
111.19473
126.41615
87.88054
95.405426
98.06651
75.672
97.66315
115.50254
104.42027
118.03445
92.24429
143.72993
77.81859
89.25352
74.08493
119.40952
82.22839
106.95561
97.17245
77.24603
122.61373
80.79559
171.01442
101.22146
88.22014
116.95405
71.097305
182.1015
107.17703
88.223206
94.20676
90.09357
98.942024
136.55809
132.65411
93.45766
86.362625
145.69301
87.074844
141.68723
91.431496
131.13078
133.6012
111.612915
131.70172
117.200424
94.73188
120.71751
131.63205
124.56435
167.43489
183.27498
138.55661
133.91144
115.28673
99.49658
107.42725
159.12386
105.289505
168.84517
102.425545
137.84792
158.21722
103.89233
109.315575
152.9525
111.760086
134.57701
139.43364
110.14944
178.4094
150.60843
103.93796
122.373314
95.44917
137.90598
107.97044
143.55112
154.41718
136.4357
113.2086
114.30175
132.61424
113.27185
110.242874
176.30092
155.54985
145.30243
150.77232
170.60811
54.312057
130.04161
105.9254
90.873436
151.35176
103.39655
144.24542
179.49423
105.627884
107.85514
74.15861
80.959946
78.31125
102.80844
105.10179
74.867355
57.284245
135.27092
117.9232
110.42814
77.72716
114.96092
120.51001
53.976086
111.162186
91.94987
109.037186
86.68962
103.98453
63.63245
39.110046
52.055485
18.126202
63.053608
59.037327
84.76493
117.351204
9.652853
33.085327
43.725918
95.88213
40.48682
100.38907
67.59294
64.15579
102.72563
61.0996
23.457304
44.313465
115.46303
107.660164
147.86916
104.91711
157.89723
98.353004
155.2071
208.76694
205.71684
121.300026
147.51068
124.1254
145.5393
127.86655
120.7534
119.72598
115.88622
126.28947
100.35638
125.42853
69.78118
86.50277
117.610214
139.92729
121.29199
92.35662
83.48929
82.20349
69.36909
129.11868
123.18709
107.200195
130.22188
72.16559
86.226204
83.52249
54.702984
93.75109
107.79669
61.393967
84.565994
97.39743
57.832874
83.17847
85.99661
83.7064
90.218506
70.153946
126.51802
93.31659
132.81685
66.85636
137.6665
121.30332
103.239204
113.86492
124.87438
84.09555
149.12291
122.71851
120.736305
148.19972
140.22437
131.7897
125.34828
135.97314
129.28185
111.01159
95.5573
151.64359
171.27278
135.46472
244.38818
99.73481
88.72176
184.07642
184.9127
156.44821
190.69771
104.50234
207.40932
171.82764
132.77765
143.75859
132.08453
146.43349
162.51346
145.23041
179.6641
120.1301
102.07889
141.97688
101.381165
124.45538
189.86252
124.24244
166.58614
102.2175
134.18336
139.57861
137.80627
157.8872
172.37474
94.612976
117.603584
100.6843
109.351494
140.62666
116.954666
176.44289
216.15302
149.50928
186.01947
142.06627
107.91615
98.21586
154.28654
116.81754
105.10446
133.65729
153.16492
129.7111
142.16302
195.80994
169.56932
266.8453
109.265
138.67801
158.22778
95.041595
80.67094
148.33684
121.078835
105.26361
171.03778
164.24617
154.98303
141.7103
227.32426
275.20248
305.20804
251.3626
217.205
141.36386
154.73416
119.535034
116.646484
151.16516
127.41518
210.95505
138.84401
106.82269
157.78598
139.4565
150.05011
171.32993
96.00735
155.82996
260.62796
110.45175
151.96442
107.24822
116.98544
107.03063
80.64164
166.55597
123.83553
133.58696
135.64671
127.21239
91.02203
107.963425
98.572754
153.8386
147.03078
132.99533
142.34566
132.26476
79.52017
133.15353
141.9176
123.84972
122.41195
140.2382
124.51764
92.13795
128.07054
154.80878
88.76301
111.23935
99.96074
99.94664
169.26767
91.17293
127.609436
110.20593
121.16153
132.27657
116.67531
149.3993
148.5075
148.56073
95.209625
144.2397
152.51248
141.31737
103.38624
47.110558
165.48213
120.87121
130.16983
137.78535
106.020386
133.85454
133.73808
131.79927
164.76534
113.05476
130.03993
135.59021
127.92108
117.74798
89.505394
77.000465
124.85735
131.06647
117.453064
136.03267
138.3769
105.189186
151.53386
131.88033
107.51489
124.26582
141.50528
194.18956
135.22003
51.66991
55.911106
10.140115
102.561935
54.839363
122.52171
54.278595
174.95607
71.08465
73.38261
177.43715
103.81801
85.32024
103.7955
170.30759
77.67652
99.90155
49.958633
28.85574
58.65681
29.15049
2.0093043
39.87127
20.611528
65.343445
59.488865
23.20063
54.453403
93.398155
72.12004
17.723505
65.52167
67.84161
22.957212
102.32322
15.992376
59.14331
63.71579
20.579369
25.333553
46.24462
37.488544
64.564156
33.63879
27.172003
47.157833
32.8806
30.79807
72.748116
95.01091
44.876736
40.012157
28.69339
68.2329
48.017517
50.418472
51.286743
40.514755
55.95566
33.406437
39.9738
67.16867
59.040833
27.45703
58.966667
39.473682
27.59689
79.04131
31.660208
17.027525
52.738636
82.87888
78.60878
63.05378
51.097557
27.761032
41.83617
30.054735
32.65577
5.571393
39.156723
55.78779
45.712273
41.64492
32.085888
69.866356
17.063557
73.50662
63.152306
63.008198
77.443306
76.13534
53.285282
76.90591
41.85312
92.31161
60.338684
53.280945
60.592846
-1.6311462
40.55925
78.99699
62.35332
92.05405
107.36938
55.107376
47.310894
60.13456
82.333115
55.00031
53.0368
73.567215
39.777767
41.041626
52.562035
107.54103
91.20199
97.387634
61.93296
86.42631
96.49036
59.687706
54.246094
30.794992
53.50092
60.121983
63.206573
87.425735
87.61787
82.671906
35.38521
63.60702
91.335884
82.650795
84.162834
32.76326
47.357773
16.609167
41.773834
6.7919273
70.890594
86.62428
56.321228
47.362625
50.15608
47.121338
83.00341
85.08877
23.680355
69.95079
71.219894
62.660862
51.86538
32.962017
10.143864
3.491279
16.237331
23.7056
26.978306
75.27107
43.57569
72.82304
57.982147
110.626854
71.20218
66.96252
92.518074
55.41044
93.83412
111.20829
93.20449
64.633995
78.18552
96.788246
136.88266
80.208824
140.71175
45.626316
38.094273
152.23923
73.66248
50.562126
95.54786
131.51294
57.322334
79.38973
72.37999
75.515854
55.68866
55.532677
42.027702
42.604324
70.69281
3.853387
44.737976
63.280617
71.22624
102.35442
85.98438
85.99361
105.27504
79.2385
102.83109
116.851616
90.57216
52.560173
87.32813
57.698788
71.43427
48.76155
38.240917
104.75198
74.477135
88.71784
63.843918
84.81895
80.33427
87.16404
99.209
159.44574
80.632996
96.015854
63.172585
48.297863
60.76742
53.397495
67.31156
97.39863
97.808105
64.8937
37.291275
89.76052
125.241684
41.998207
84.63445
80.548325
96.65753
41.698746
73.474304
39.259975
37.23785
50.179035
48.32054
111.13414
75.628716
108.06456
92.82144
92.32455
94.09593
77.114716
75.06516
90.879654
55.335335
109.97822
54.118572
73.10266
71.01719
28.692993
16.878658
79.98789
73.34645
117.53205
89.394714
68.87055
83.792305
58.49179
86.71556
55.560116
100.55262
52.090675
72.329
37.98557
62.076084
50.841476
45.0504
131.98233
83.13139
144.13483
137.2586
157.72757
126.85888
125.3246
176.27042
198.59355
104.88521
137.57413
144.25694
290.83038
120.11508
199.0634
112.515945
132.98512
145.36841
131.77165
111.02658
90.06489
107.58238
97.30075
81.36727
95.65825
94.89533
145.3899
115.23359
100.927925
104.01297
99.93294
128.33656
118.43896
78.28566
85.10928
128.7529
132.65358
61.330177
94.543785
133.58495
101.938156
140.07452
165.54617
129.19003
52.30757
107.06548
82.442604
101.75719
103.74191
86.10666
145.37596
127.80286
101.83157
118.38882
103.45124
72.269516
76.882256
122.21738
108.50969
116.24192
148.32973
131.0972
91.76664
91.74261
158.49837
102.35953
143.77621
106.9456
113.037834
126.89118
82.32247
135.2277
92.77997
97.104355
107.00143
163.54865
73.278625
120.089
95.19266
75.894646
122.49128
111.66245
95.531105
106.05574
61.64106
93.20635
101.64005
80.643196
103.12279
114.603836
100.56848
144.07326
138.79335
96.64585
91.34452
95.056335
109.11585
120.67734
81.23738
131.91104
122.92967
124.56457
85.50593
91.7923
90.032005
115.131165
162.84492
115.19314
101.10062
155.31035
92.734665
73.7667
160.86382
70.23412
132.96205
116.74416
75.70137
76.85769
69.52595
124.9858
113.71389
132.89973
93.32758
181.24832
89.75185
109.024284
121.89129
64.60676
163.02664
113.92216
154.35909
108.69501
127.63975
163.44823
106.60797
111.50145
100.2684
113.21563
142.58795
126.72859
132.19437
93.262726
138.41966
157.30045
129.31198
130.1936
140.96445
80.36849
139.89348
108.87049
124.36994
134.90897
196.84721
119.8345
92.61687
114.50269
116.38635
71.742546
123.1295
51.769573
144.44524
124.91111
94.103065
135.60863
95.92861
119.45946
122.99614
79.67386
114.53573
123.63506
77.85034
106.395874
88.25681
123.03909
73.450485
71.48994
164.37415
103.25793
151.69951
112.467354
91.64843
108.27519
161.00056
124.976
149.78922
94.045006
78.69434
137.15462
111.26644
57.28144
76.08473
116.37458
119.092896
128.66418
118.82095
131.72783
76.03533
112.491005
100.961845
72.96596
111.83974
106.81149
135.47325
122.197266
117.77237
140.81595
66.46114
51.86806
153.72272
104.02037
104.9488
100.2094
134.28464
126.84767
133.7854
143.54175
65.8894
113.41039
140.71996
107.18506
105.63092
86.725006
104.97299
39.494896
106.42297
109.40086
147.82335
104.24842
124.63786
128.00432
93.131874
114.7529
170.86723
87.67223
90.352684
92.26298
57.479103
102.60307
65.650505
51.50481
100.12487
73.33013
108.39905
102.1508
48.998505
63.61265
77.35864
87.26096
89.013504
83.86718
124.26051
66.847626
130.60008
54.775894
69.45431
25.570942
104.11454
65.89541
88.747604
70.996704
150.11789
123.48311
114.14865
114.00123
116.18282
90.37299
105.79053
133.09915
138.71051
72.6748
61.85499
129.30254
105.35567
102.23992
84.24725
90.52531
101.09896
116.70438
132.93262
136.50508
104.68452
112.51945
122.15461
113.976555
99.24947
111.29869
62.291565
64.71265
100.21632
61.617893
117.167816
66.10622
125.31962
101.67799
91.939964
77.58928
87.45728
81.047874
132.6361
122.85833
85.138435
101.2017
114.99175
63.99046
130.43022
81.43696
161.57823
144.0928
116.84574
88.92822
145.819
148.01158
49.698704
143.13547
61.345867
123.92629
150.06189
192.43733
87.1412
68.58081
126.14262
114.96368
147.11104
126.84113
167.41145
162.47182
113.413155
114.41936
111.860146
156.73633
211.46808
149.00829
113.624
125.22021
105.75571
128.49869
117.65217
104.05942
112.131065
196.54143
92.25275
93.793015
122.15699
113.005875
127.58877
69.843994
179.72098
179.16951
149.0524
183.27615
101.23534
78.02449
108.891655
105.5633
71.67614
118.52722
130.48517
130.17352
143.94301
124.41838
100.02909
101.48437
82.45057
119.85428
124.307556
156.62576
139.68283
133.51857
122.016655
128.2454
127.98383
120.071014
133.35626
147.14201
90.81311
143.64061
100.70141
98.723
80.36151
134.8215
117.46228
163.4742
125.18505
67.55459
200.9132
90.93526
65.540764
162.49417
172.26524
158.62883
147.06932
141.99503
146.1162
121.7338
117.56589
85.4176
108.381454
85.897125
108.532005
73.68912
152.04073
107.77829
142.50832
125.58805
271.41495
239.63622
180.43001
135.5308
94.78538
127.67163
83.42984
132.43689
116.19076
78.99945
87.63147
42.885506
147.75993
109.19244
200.10692
194.2385
187.43486
174.58748
132.94705
111.006424
129.37935
94.99905
62.15524
121.74109
77.04097
88.27001
75.24587
46.63069
151.44398
135.69763
155.85493
206.79543
119.93951
185.8071
147.95575
102.04895
137.9626
72.60317
168.5411
117.87943
100.11684
114.73173
143.71898
137.05652
70.75062
95.341866
176.86882
94.67792
119.106964
158.62907
152.7315
142.75552
100.96255
106.28474
144.81264
117.943794
115.55916
91.29243
69.86561
117.39718
111.695946
121.34362
119.59711
129.24606
210.8855
214.49356
125.65273
134.5088
119.14741
106.38552
93.89989
85.30747
128.39209
98.58647
54.26436
58.403263
84.39287
54.79653
60.586514
75.41788
121.69754
161.22061
94.99449
134.47601
137.87329
141.22858
52.838726
126.324295
145.8045
49.24091
60.439487
42.722492
61.61929
36.825146
119.04624
93.231255
40.287827
47.1778
90.85579
110.97498
92.49425
82.13477
109.17489
65.669945
39.61767
49.428654
98.3247
21.70304
111.34256
127.784805
127.693405
90.49342
157.37476
135.73862
97.303505
127.05191
133.11638
153.23996
127.84289
157.2343
181.15607
151.26779
141.00511
184.63902
97.650246
166.49327
135.51291
116.27066
128.39354
90.84039
109.72215
116.708275
118.93351
100.78422
117.245316
178.14627
137.20776
168.77017
133.25262
170.22499
134.25441
134.86378
176.06683
176.21552
90.320335
127.655266
132.24194
106.40222
75.67716
66.72705
82.48187
132.8935
137.62515
224.12704
211.62688
64.79168
171.65216
148.79492
123.40666
152.51384
89.27817
116.57262
134.80089
83.07361
110.87059
92.701485
79.77608
104.08262
145.52869
150.35716
108.679665
111.40009
103.635735
144.88506
133.33253
65.130005
113.441864
68.805084
97.86362
138.8263
137.2084
72.49093
80.75795
106.82684
109.574585
176.08228
77.717735
86.78116
115.31086
138.9085
109.77345
98.45506
92.63451
102.9778
101.441216
116.49584
86.55536
122.363174
135.57895
168.56207
107.67113
66.17618
109.85693
82.465645
139.7145
121.069405
167.14743
92.04683
135.25511
85.11215
93.438965
152.85503
79.94312
56.894466
127.56855
107.46357
156.72604
164.77917
116.863045
99.35108
124.71078
108.267075
177.75113
88.55927
108.69766
135.1773
116.41914
117.59107
106.13737
98.655716
86.28744
91.696846
103.61058
149.13853
120.39654
106.03231
112.668106
109.96689
67.5612
157.88374
121.710556
144.31096
106.783745
102.685104
143.33951
135.50648
109.785
125.66112
130.53323
111.80398
98.9653
72.04696
126.1365
93.83915
156.39919
162.78177
116.96375
162.67767
128.70146
130.72417
125.42604
88.81657
96.303024
136.25584
118.24716
88.67442
117.12079
108.03527
115.52507
91.42198
128.9307
130.99779
150.5178
171.12909
123.27997
138.6527
134.30287
99.39167
70.49724
143.09947
95.74939
125.118195
69.43851
80.274414
117.99787
100.32778
125.93404
154.48068
192.72136
138.94383
139.56572
135.02875
123.408646
149.89781
116.945595
97.01942
140.33086
164.58005
71.483734
87.58629
111.371155
70.12809
145.45653
156.77184
163.92145
167.36053
130.86926
146.46573
196.84198
83.287315
72.06283
138.35258
125.51407
107.19761
97.07169
103.690384
90.60923
83.254364
140.96298
194.13951
156.39352
161.35695
183.71648
145.39516
189.97398
111.45568
142.77443
129.18256
111.36795
133.5565
65.39181
68.37823
104.81201
88.23938
122.00166
128.11383
117.344955
174.95761
147.90907
86.22984
77.245094
86.905235
97.07991
82.9801
104.82329
108.59194
88.63098
70.08368
77.10417
77.47899
57.064693
95.95098
123.77339
141.81357
136.21042
124.721436
82.71086
116.95013
88.092384
79.56949
37.199177
80.351105
69.795296
43.630936
127.05837
163.92644
136.18968
144.36232
142.53821
103.956635
113.573296
168.63197
265.2824
146.89124
158.53644
133.1115
115.54372
153.04294
113.23325
174.2352
157.48405
136.7014
91.59152
65.62438
109.78147
78.30142
144.00925
113.52152
120.959724
128.43948
95.039154
115.3355
117.00815
106.225815
91.81724
101.05856
108.96447
102.68579
142.79788
160.87732
155.80151
170.35603
112.00395
88.94359
104.01026
85.579315
116.04165
137.26154
126.13692
140.13214
90.24387
120.58897
209.69316
131.48885
90.2961
179.7033
156.56786
84.02241
151.1522
200.22507
97.570526
144.60081
124.71842
138.08981
122.29926
74.73875
120.81998
125.20258
137.80861
92.270355
145.42032
192.39091
82.73458
147.38573
124.27184
141.83168
137.4848
146.2111
170.08446
187.56606
83.24803
186.20444
97.35781
108.62397
176.38164
135.48686
125.45594
108.65941
126.801414
123.367096
113.82371
126.80309
98.70228
125.743286
118.90506
103.57184
159.10362
161.31558
123.905304
72.63361
147.59903
149.55214
136.40318
118.61381
172.97528
173.66908
93.67392
141.87488
119.082596
115.35193
145.00293
159.11928
125.46577
187.8096
118.26072
133.76236
182.76329
93.85113
95.92189
106.446655
130.0327
112.984146
174.98518
140.32748
170.84238
156.11227
135.64552
152.31305
116.754585
114.16202
136.94563
113.133804
183.44579
66.63296
118.507774
139.69347
95.52365
114.53442
106.541214
93.31234
105.546265
121.85421
120.61099
108.69537
100.91918
108.14899
117.46168
108.302574
161.19922
111.70006
97.78517
132.85039
138.83356
151.30284
168.10503
96.226685
86.47622
136.838
108.86053
86.16327
99.10205
162.56906
106.465096
119.755196
186.85625
101.09701
122.6013
113.03989
96.26908
99.042496
121.075554
99.37161
116.278656
115.09241
154.68208
142.57425
158.10352
149.2215
92.05869
74.643036
152.36652
147.21663
92.220184
141.92822
133.61131
150.53712
99.54116
145.05005
103.88723
115.39165
114.76726
138.40955
127.19132
214.5963
111.99408
85.360435
225.22763
159.29239
150.48312
120.23314
106.2586
103.82878
83.04854
96.084175
140.57275
153.87944
123.75812
186.24583
132.82243
136.84186
92.97264
131.73802
200.5353
170.7254
111.81602
100.5469
86.56703
113.50334
104.378044
122.358826
132.56215
135.3863
116.704
122.18082
140.79929
87.53295
107.07046
49.32223
170.24205
198.5554
131.60571
98.511024
129.70256
111.55082
110.722046
147.56537
130.59848
115.48518
118.87393
83.247086
106.94779
77.096695
87.96853
59.0712
161.32277
122.80255
87.35544
78.75479
107.9191
142.02373
73.56962
93.60967
124.7693
126.458664
100.62818
103.88454
127.29246
60.615147
46.182472
65.925766
64.83877
66.48718
46.291904
69.042206
85.04107
81.31615
72.7785
57.93668
81.207634
96.12089
97.46126
121.31748
105.65304
82.17843
92.33181
68.50699
118.35191
82.07494
133.85686
103.34266
53.842327
78.83445
53.94452
59.332558
85.480255
57.09992
85.12715
87.58443
52.212074
96.8705
70.27081
62.82955
109.57417
64.48635
97.009384
73.343895
143.00998
120.624405
103.53749
184.37994
100.092384
51.414783
94.781494
81.459755
77.82575
117.53287
100.63143
70.70776
111.09596
102.774185
101.82993
86.73842
106.67484
88.55722
105.37954
75.80891
76.05469
127.131805
87.799576
181.43748
117.98181
61.55713
69.257545
62.08524
111.07724
73.44726
90.60172
97.99294
134.99023
124.16924
120.098114
99.33662
135.36295
115.857025
103.30714
89.192
139.96426
102.400856
96.335236
111.48879
110.2489
105.825455
95.90121
99.74414
73.618126
128.75285
181.67883
149.24092
91.00675
98.58298
114.305466
116.35184
147.63515
76.20774
126.72553
67.110825
187.92825
125.847435
67.650894
144.14502
176.52469
133.2011
143.43694
122.19898
75.2472
127.59102
116.02215
101.94
91.76461
104.38536
128.86435
76.9608
163.37613
124.524086
120.64487
114.22417
115.05825
112.7314
91.97373
126.13933
80.42074
78.1724
93.25076
124.81445
80.7782
73.165695
71.0494
89.50578
167.81985
79.00838
78.860405
105.643715
146.20341
107.896095
76.50516
106.55962
116.36088
110.63712
97.18225
94.37001
62.730427
102.788315
89.06281
79.01327
194.38168
128.25189
120.30319
137.95549
138.91702
138.7685
111.235916
96.659096
94.616615
108.60776
143.06964
113.053116
112.93917
127.16442
115.88237
87.31252
159.42233
92.74518
160.74278
121.82083
164.09633
146.67905
105.958046
137.66661
115.65412
103.898346
106.290695
105.98799
64.54958
129.0039
100.597626
54.91675
176.27219
175.69919
121.21976
113.439384
128.87775
128.56537
132.65712
144.23006
112.996544
120.41417
118.0405
114.888374
78.26936
140.9069
75.47594
113.22696
163.04333
136.95634
117.680305
124.83635
86.29119
160.87257
208.17136
137.02818
116.88844
114.71054
111.767494
89.51872
81.57011
94.864
94.217224
96.56636
127.05763
138.33539
137.88863
96.32578
144.18716
139.02899
1290.3933
343.57077
176.86534
85.12091
131.97557
113.68859
115.800385
87.332375
88.26635
19.262842
126.62152
105.57549
80.06387
87.43552
111.78081
191.07611
378.99844
1109.7461
116.54028
144.51477
122.31123
120.53811
68.76266
71.75156
45.342743
77.67698
114.850586
28.976852
79.40071
105.423355
90.147934
59.44836
96.582054
87.61538
115.18183
32.982037
94.74371
50.42747
59.162273
88.62105
25.439215
-1.7157387
82.73505
68.674225
158.30057
72.34773
116.47176
150.11316
75.3989
90.74935
120.809
109.63368
135.49902
109.58806
136.64035
148.57076
120.358894
76.19947
131.58377
115.52396
115.518036
106.56326
136.09258
100.812164
101.609795
126.26999
147.2453
131.9623
137.47081
71.38754
131.82803
125.799225
109.98643
75.32303
123.103676
147.09383
134.21947
79.62159
117.776474
154.71156
170.53635
111.04256
117.19375
127.951256
58.423237
147.42688
126.85152
74.08449
134.7521
133.11273
174.38884
287.50314
88.61381
219.00682
168.335
141.38838
135.5047
185.72458
138.90244
150.76546
157.03981
133.10306
116.48517
158.90195
101.11177
77.41293
234.17842
129.8776
102.636925
143.12932
150.9032
169.2284
150.21643
157.87564
142.84671
190.50311
85.381424
189.83653
164.60002
153.7311
123.47415
114.41604
153.6592
98.23574
138.03543
116.90821
148.05014
137.50923
153.01724
96.73937
153.68289
132.44775
114.576454
190.61974
152.45772
115.20584
96.707466
89.26015
260.96146
136.50267
86.924385
170.58527
136.33536
143.57295
178.31291
171.07735
89.73956
108.83552
93.704636
131.94968
84.09695
137.51404
151.59978
106.12415
174.0282
157.99031
132.1385
157.92957
119.29599
179.67615
115.628975
103.25636
145.3714
126.32501
101.311775
155.63321
134.5653
109.38251
128.17587
179.98132
141.15097
111.21396
106.64118
147.46347
88.72224
181.71889
205.32733
155.12057
152.73088
160.89865
112.69548
191.72762
108.37316
113.28649
138.0777
102.47913
181.59671
120.50582
118.3317
181.32942
166.48814
250.17026
234.1146
197.385
217.15884
199.55054
117.38041
161.07191
158.42326
110.06056
104.54798
148.98878
217.14534
114.973694
161.314
145.5344
120.85784
195.924
155.12033
205.80591
134.9335
129.839
150.58119
113.48127
98.613716
126.27812
117.443794
109.9331
247.76129
130.74522
239.34511
217.49403
163.70512
228.82597
244.76196
200.8471
110.23891
133.4276
149.93942
152.54779
195.19194
125.897575
114.03701
37.889374
130.4499
104.36958
145.86934
174.28346
175.73637
196.0939
167.52997
167.97234
162.2663
125.435776
160.69412
158.52415
101.845566
95.92045
111.97161
62.634098
146.40207
147.2525
180.82997
178.92238
128.78288
219.18045
166.22128
156.22906
156.67929
124.003075
122.17184
169.9199
155.71213
88.39041
52.137535
84.923676
124.3171
129.42596
167.85228
115.4947
87.946266
166.46933
91.12731
132.45863
89.55887
72.133316
57.731632
51.747402
47.987904
125.08653
47.27693
59.104374
101.801094
69.293724
108.28975
123.63043
135.33487
113.23481
130.96773
80.40419
44.258526
75.108765
52.998455
61.765377
32.93043
77.94678
50.35787
46.527428
123.33727
138.05109
165.6379
102.72409
116.29156
129.926
242.54768
174.13472
179.99164
116.33681
155.969
133.62589
142.51317
155.71478
116.840965
128.79317
160.91115
106.504616
139.81033
140.03705
99.18568
70.77265
145.81195
94.33461
133.42422
92.21512
149.39594
148.6279
96.28661
94.13181
141.28618
89.018196
141.65538
87.791565
74.015625
116.47834
169.79271
107.43851
165.14867
144.38756
135.74846
80.037056
98.57036
147.53966
109.35548
134.814
145.43324
144.52875
149.2925
100.684616
155.40904
113.780014
133.7668
128.9829
99.6594
125.407524
131.3374
133.84364
161.09918
207.69127
144.12929
165.32051
70.45511
89.18073
114.48478
169.89424
166.94228
105.32962
131.05623
132.44507
118.44012
108.14202
124.54726
178.96645
118.24672
130.01686
132.12326
138.38892
102.42489
106.22263
171.94162
94.210335
130.56622
151.36618
147.7914
140.99146
149.63255
101.018974
149.8074
132.4193
115.68801
139.56287
108.174255
157.43658
159.84433
117.51878
201.15434
102.65903
158.21584
154.60793
172.73497
191.32944
87.56633
162.57957
148.91486
143.97417
175.49236
177.03996
106.75134
143.73813
171.16418
92.777145
158.6482
110.78941
153.48502
116.73551
99.18086
110.77122
119.12689
188.87468
98.05536
111.023315
117.506775
194.48892
129.87708
167.25815
124.07866
141.87856
165.95888
91.278786
189.17644
129.98248
139.67166
100.83121
100.41916
167.74008
137.87419
109.32254
153.89929
118.78786
120.878204
144.59976
171.70837
130.66829
183.6272
119.81708
119.84954
85.5204
148.07278
137.5311
116.262535
206.19873
134.63046
117.335365
138.18549
124.30927
95.56086
178.6015
109.577644
126.99141
136.68465
102.57244
130.38937
98.02854
132.6995
132.12276
128.09427
126.23832
146.04619
107.74665
88.704735
103.94419
117.9186
143.13968
96.54309
71.48392
135.59528
114.26272
124.52346
116.58008
125.34195
136.54836
131.83145
157.68556
107.53939
172.06699
131.01697
121.43801
102.28169
175.82593
132.06552
67.38616
190.0519
131.08093
155.06906
114.55645
121.36189
113.36065
141.39763
152.87508
146.16412
166.52414
155.22382
137.66454
101.63155
121.34807
88.581604
94.646454
144.51016
88.95769
113.01809
133.70395
139.75797
138.72919
133.52477
145.60696
105.76938
137.74123
117.9143
164.80411
134.68484
103.4925
69.61817
65.578384
144.285
76.04782
100.33477
81.274445
105.15268
117.86215
151.79364
147.0594
107.79895
152.86026
121.72609
115.66261
112.24448
163.09712
100.5456
66.92701
109.09377
78.31081
122.46243
99.71297
87.83815
74.800285
117.62125
148.18471
97.87869
74.39596
111.72668
47.891647
44.11763
37.557266
90.020584
85.03758
163.42094
149.30717
207.97983
198.84366
139.10602
155.5147
171.5482
296.7897
198.33023
248.23105
246.9926
195.00763
151.02711
184.90172
243.90518
187.5697
211.75447
74.47011
100.52275
73.11545
165.30984
186.42491
231.79474
184.67604
203.34628
112.737434
205.34163
136.52968
181.83911
159.36774
131.38385
113.56113
157.94788
124.39743
243.16884
317.22302
204.62424
265.49142
104.42664
97.14685
158.06831
132.05286
233.12047
162.01645
116.103836
156.03831
136.99612
125.076256
189.74303
195.66946
273.21625
162.70236
164.39995
174.39566
227.36401
223.02702
119.27858
139.9717
220.40285
226.57213
98.40376
117.15323
154.04936
171.99751
149.94897
175.06448
237.79912
233.1136
235.05333
205.39847
250.73125
271.1859
223.84859
111.217545
263.4045
206.10057
185.67271
146.08925
163.40497
145.1223
276.4301
137.22733
179.97604
209.98067
199.83865
183.9755
156.85986
170.71353
147.95784
94.59741
124.5558
94.72519
224.79745
156.75383
174.21269
138.20737
294.36792
206.59338
178.02739
188.78609
224.7214
225.7627
244.403
235.95903
146.77795
188.772
182.44406
181.73923
196.67503
273.72653
177.09435
157.2567
217.18237
157.15643
204.68353
208.45732
154.08308
176.94057
228.78215
144.15129
265.08246
141.26775
153.41966
134.1618
220.61787
207.97194
190.49344
104.669136
316.97687
156.9277
185.22865
135.12572
148.32259
197.05106
198.6965
144.53711
109.21345
186.9827
77.02859
178.88779
174.74062
247.43678
165.25153
106.16058
323.2162
144.27065
236.3678
204.36414
240.13472
226.93642
214.00505
221.141
157.70992
179.33829
175.26054
169.49817
88.573784
164.88686
109.32247
166.10359
255.65489
125.186646
205.05443
123.761246
195.10767
175.77716
216.29149
202.74992
135.65382
171.60184
119.81891
162.23431
118.70448
161.77176
86.59363
132.092
253.73285
174.08174
177.1292
147.48004
171.14224
212.04149
191.10892
201.6686
211.19894
180.2549
201.78516
162.24825
131.58386
157.93428
100.51254
77.31438
222.83054
144.70473
187.38875
198.45305
235.93967
203.62624
211.53514
173.96649
174.06969
208.89937
263.6053
167.67615
131.89012
124.41682
109.83096
96.28363
181.21466
128.82758
160.35425
171.83525
228.58374
171.42935
271.3217
228.35953
196.4605
162.46034
175.90071
232.64517
150.26672
192.39673
75.96055
84.14645
107.971886
84.759895
229.2129
230.71042
266.87424
244.81349
226.07718
204.05219
237.39485
223.76657
129.17577
185.26848
142.357
52.796913
71.29307
61.84752
142.32414
55.546898
112.43985
199.78874
75.786385
164.66002
244.72481
124.04104
194.3045
86.15189
110.88607
63.958153
75.92729
44.82143
93.33816
82.00934
142.6585
120.00828
256.36087
178.07225
191.67334
230.32397
303.8973
384.27585
393.70978
608.29517
497.2566
318.88904
260.04056
251.11394
145.94696
315.16296
303.2549
200.74142
267.52887
210.72113
132.54358
218.65685
269.46417
159.4989
214.64476
238.78365
434.7447
338.05826
275.0857
223.9398
195.27103
195.05177
255.64967
231.99095
360.90387
206.27693
222.34288
180.62822
355.08594
245.4812
249.2418
165.99869
244.6468
534.5384
462.49835
442.04224
176.2889
279.6344
420.68137
323.33777
389.34665
370.76938
149.1711
482.21817
379.76013
191.47353
121.288574
208.60104
277.61456
367.3913
432.40936
427.14737
273.05383
198.95497
235.66147
187.77954
275.48044
326.02225
206.02942
328.53284
324.72037
238.4699
220.18016
192.47176
398.0921
298.0808
363.32584
479.57922
275.9969
244.91634
244.5179
222.02185
327.3465
223.28056
198.09503
182.36711
132.2283
371.94534
231.21423
249.08565
369.15976
761.4841
347.2681
419.8619
198.51384
161.30183
259.45248
561.6718
394.083
183.78148
241.4877
296.78415
187.70976
165.8972
201.91293
251.03256
112.56491
112.447975
98.320595
119.43784
252.93874
217.55962
462.01883
214.43686
236.45573
134.28596
120.7436
90.93761
87.137054
115.13284
174.80782
67.65837
79.04106
142.5776
76.94625
126.160324
199.75677
80.33482
377.8919
224.20486
88.53529
152.61987
148.13275
142.54897
107.78885
139.4608
238.91386
117.93578
118.76565
128.24686
103.182976
184.52492
114.01666
98.54589
217.08989
276.33075
335.2611
203.39178
194.77847
169.19328
168.11658
143.6215
116.69407
187.20619
166.50053
202.26117
141.18422
141.49377
193.87724
520.86676
183.8027
206.68536
184.35352
171.28735
128.50574
87.0664
138.68988
120.49703
158.701
153.47188
153.85417
247.68713
170.37341
146.18892
282.51462
200.1098
268.72165
222.06438
209.687
168.2102
155.0533
155.54251
211.00676
342.49725
380.61588
371.708
307.2152
264.5527
346.7252
426.54956
263.47232
237.12935
275.58698
225.41342
275.0083
153.69543
232.50322
323.05872
300.0867
315.69943
417.01993
405.65042
379.27023
345.79483
586.1632
671.5641
198.33063
146.57123
194.48276
274.11115
305.04178
286.08823
334.98456
363.1242
205.08264
299.4598
214.8949
563.52856
249.0967
575.3716
602.5003
284.73288
194.0527
113.02308
122.79215
171.89453
60.98472
88.67656
118.464836
214.72769
122.14313
111.0211
411.4824
281.91953
152.58156
360.30875
169.72714
223.01872
121.43513
128.74667
51.82473
103.51378
122.33469
114.21975
143.23209
71.5253
158.76204
262.361
42.404892
438.0976
74.946594
112.97237
239.15451
137.84073
93.415886
102.18412
256.92313
152.07826
273.6957
181.66235
200.78421
219.4543
210.47852
231.07906
275.84113
209.39732
188.41422
243.31021
148.29567
279.15198
283.5176
227.12833
254.51006
220.4415
334.46002
369.0431
272.7631
210.54115
199.71918
218.52719
147.58029
117.8495
143.46692
166.04391
132.61322
113.10334
101.38417
71.040054
334.3916
219.51952
223.3574
369.5572
330.18475
229.10115
230.83347
178.28212
190.59717
199.11227
183.91759
150.08499
203.96248
245.17139
159.44652
121.523
273.82794
190.13509
446.33774
441.57468
273.5438
267.42844
270.45453
359.34195
179.28874
138.2198
127.38885
297.2879
137.59972
170.60059
123.83789
111.36254
532.7934
680.6728
538.7275
579.53455
453.9567
541.0504
657.2368
472.69424
407.831
380.10513
238.10756
294.79312
313.98843
337.73444
190.15063
189.51321
487.8082
539.03314
734.2724
472.18817
371.05997
621.06104
648.32916
562.56525
441.85336
305.43954
407.60434
240.4899
275.612
238.55876
278.57538
133.95985
435.01276
500.44287
509.9176
453.21445
218.24434
431.6768
305.3012
133.2892
41.828945
321.02582
372.75592
354.32483
330.60236
289.6666
275.2622
350.15405
399.92017
283.6992
323.6765
368.33197
149.1684
107.65585
361.71988
461.09195
456.1215
425.63208
344.18903
378.7916
347.77762
340.29636
269.38345
299.5899
635.03503
419.71378
375.6903
506.86084
723.9073
450.29953
560.3064
378.96667
315.05966
280.32498
364.6751
316.86496
229.05193
429.35516
273.37686
332.5834
435.70578
245.28778
348.1961
435.32047
489.45172
427.57593
390.1652
354.60324
256.5616
293.75616
287.16254
264.6999
235.6892
237.28108
186.28992
193.65291
503.53644
304.97922
388.76205
377.29022
535.0579
423.28662
440.44995
399.26422
365.2013
345.84998
226.04807
342.775
261.34622
333.92917
221.6838
124.63791
537.2124
401.00717
521.9119
619.0819
620.9962
585.9244
389.08643
704.102
551.4238
480.9104
296.4416
320.01535
271.50137
422.1141
173.64587
139.36116
499.35416
390.18567
530.84717
642.24475
712.14954
548.41534
738.27045
801.7208
660.70355
449.63647
299.362
539.59
312.04657
291.46402
140.12097
206.6045
390.3745
318.58014
506.05188
530.7953
483.23218
642.7437
574.0054
654.82104
873.4808
634.3499
548.6701
349.8447
519.7339
393.976
290.13953
183.86111
277.09808
271.57803
409.26596
496.88214
433.5437
530.95374
832.60486
715.5222
410.89697
443.5549
530.2222
451.40677
280.19382
335.2722
179.52687
115.04567
203.1372
190.39227
245.98062
274.29935
222.99086
306.45987
348.25812
272.21277
226.7648
448.8238
442.04486
237.15375
183.41763
105.94095
134.27733
84.82832
154.42859
92.31598
85.01138
103.92644
81.2388
104.87734
185.39824
270.40298
163.1623
243.92717
217.55984
167.62729
225.69443
124.22182
116.89355
266.42715
139.87642
169.11589
143.8052
156.26407
117.57898
130.92488
184.95073
272.03146
305.6427
163.34329
127.05324
205.3352
113.18094
278.298
159.28485
478.81137
191.07512
102.973305
144.0243
142.10687
125.61964
152.1962
225.62921
208.59804
199.12685
253.12317
244.27985
206.1303
139.75374
307.2152
266.8532
246.88464
133.34656
134.61021
111.77221
193.62927
110.55137
129.52061
130.21382
268.9135
263.10898
333.53436
172.15387
247.64842
291.37314
163.36572
144.9697
246.28488
165.1966
233.14536
210.97583
256.99414
224.94322
456.7159
449.93893
256.85898
319.344
370.12213
305.86368
176.77135
511.00513
328.09674
198.20612
266.24854
396.1318
210.47043
202.69621
138.19354
516.98505
278.9609
196.4948
210.98985
162.2057
128.94319
254.32219
207.00072
258.03568
443.88617
125.6907
261.2873
330.15182
342.2027
424.59872
298.17798
302.55325
311.7514
239.83302
294.69943
305.24847
282.30762
191.40695
224.02005
208.26064
185.20705
236.76013
156.53986
280.85162
290.73627
161.11343
312.19635
268.35562
338.32455
321.2954
363.19067
312.3388
261.05453
252.5562
335.86588
254.91603
367.7704
318.11606
251.5734
235.24991
219.93509
215.63834
138.1209
233.92111
316.7014
235.6539
243.14256
217.1162
237.28262
175.07008
132.89723
226.05351
272.7138
209.8109
211.39154
146.61296
190.92563
133.21465
159.27046
192.35056
212.26477
144.33302
187.45604
280.84705
188.72733
203.21701
185.67746
170.3188
195.6264
203.93773
115.05418
250.13939
318.2236
309.8538
198.776
185.16455
405.8924
496.15247
419.3645
356.81403
288.0923
358.0228
252.2125
279.8864
263.73697
212.64143
161.10867
372.978
269.94327
223.10008
156.9724
234.6406
261.17883
328.96045
385.16727
213.51024
261.95715
260.15997
240.91887
307.94055
219.28976
269.36942
47.06447
327.61768
285.22134
292.2796
333.50766
390.9529
275.03528
239.59752
190.64725
223.85367
340.58035
152.94382
187.14305
236.99028
165.41536
143.7263
68.69135
103.72365
216.00002
148.42279
206.82007
288.07288
295.05554
117.17332
253.58722
266.45874
357.39297
203.682
224.92197
128.72101
260.34225
70.70923
97.8616
165.80034
49.51802
199.75569
246.0226
304.76135
91.2705
151.81456
289.6641
268.11786
303.24155
146.19307
125.8465
88.342186
162.58403
60.87983
75.598915
120.68413
131.16252
193.6169
64.75857
207.58267
114.91919
303.02884
219.12599
241.03693
136.593
252.7646
100.73352
131.30708
57.57002
78.4389
57.571007
100.4074
53.67816
54.886444
86.46893
122.912445
102.756714
154.43567
134.49716
186.30978
145.04121
168.1081
132.61972
145.87276
120.68119
155.77211
158.38017
162.04996
86.56224
157.07512
135.40108
176.94765
165.92125
153.16803
121.37444
77.97266
110.0063
188.68315
181.64832
188.69646
87.392136
95.72128
137.28294
100.75529
160.77203
198.69057
109.07684
112.07276
131.9113
102.062004
170.16129
131.6996
125.348564
106.34549
133.56746
126.682205
143.46751
113.50299
129.15898
100.644806
113.901985
102.50253
121.14351
80.27541
125.15714
134.04645
112.573364
163.0881
119.15686
93.57829
130.82309
244.07039
199.3139
82.28944
192.82747
183.52792
134.48552
127.07764
113.09178
167.58257
138.56639
101.03664
189.46523
59.583313
67.90673
93.94422
70.50608
166.87428
234.4224
89.78069
222.36858
187.02931
110.696266
72.67512
152.4468
72.27499
101.823616
35.319485
78.95668
88.414764
196.32347
162.59528
183.274
91.68532
124.19156
178.2469
278.32062
154.59576
45.36295
117.582924
220.25932
99.12493
126.507996
93.43496
82.09485
160.83614
136.13354
188.36972
120.63154
343.69238
166.2755
239.23816
388.32712
125.1841
116.16396
110.442276
107.293755
138.6367
187.40335
88.21755
142.03618
167.72751
93.75607
111.89454
162.45145
94.56216
161.87946
183.67604
83.50628
248.61716
132.3952
68.47071
73.70193
103.854034
145.02116
151.88838
97.920975
221.14764
189.30383
207.78755
169.50621
177.1848
150.26599
250.04037
142.59055
223.65866
229.58157
154.02489
142.46294
153.78911
311.49475
233.99194
317.30533
226.20876
154.01616
181.74147
196.12802
173.73093
353.56757
145.44804
211.18585
232.06004
161.37186
137.36092
165.81697
206.73373
207.32794
200.10408
224.54349
248.52245
292.91306
147.18692
213.95984
131.34044
221.76187
84.123604
72.6901
379.62598
141.75282
199.06125
158.41916
198.10321
171.19485
210.76337
218.68723
196.92947
263.4707
375.88376
206.4586
265.67654
174.49243
179.3238
199.60844
163.84526
126.52116
95.687
170.27904
222.49568
192.09335
371.71515
250.81097
229.26851
182.36708
169.4568
215.35779
133.60966
84.780785
42.60668
196.49591
257.29736
132.59819
170.08958
107.57397
133.99696
145.99503
286.717
123.61564
226.37799
212.25377
253.12267
207.28171
191.6853
214.0263
75.30218
63.344883
104.485245
130.87784
168.4955
107.61535
189.12216
94.23041
64.75634
206.8493
214.78973
117.77361
120.691284
175.56993
58.767445
144.20306
34.869156
109.20319
89.49658
77.198166
109.73642
84.6791
67.93543
76.759705
77.86709
187.22038
139.82019
250.99445
140.45499
121.24256
185.74667
64.398346
112.1005
128.03214
118.474754
88.8882
80.51472
55.435448
97.7455
77.32338
73.288246
121.50214
218.72708
107.97633
135.5213
129.8548
77.77448
82.98405
163.00148
150.24812
108.46083
78.91988
87.45448
81.770164
85.7524
101.090904
57.81402
93.19574
63.643555
216.05061
176.20657
98.73502
74.231155
129.79982
71.20331
214.86752
75.10867
117.00194
89.3503
123.990974
139.8222
87.32832
108.55242
107.92186
93.91745
94.14731
126.35499
186.49214
124.135185
279.68744
211.04607
280.9962
126.98938
114.24097
101.25091
121.384895
95.68487
162.57808
98.304085
184.50748
147.1956
110.19868
178.39296
242.73764
500.0276
320.3553
206.00739
132.57634
219.6171
206.57843
186.98721
153.13483
126.13693
236.75502
144.5046
197.40189
344.8709
178.90012
189.67906
161.6414
303.79285
478.8767
477.1
115.39715
173.34427
266.50497
153.79248
170.41533
157.22987
208.8735
138.81363
464.52023
457.7069
360.467
235.3277
157.93246
321.8443
503.42578
293.17703
131.82175
317.5895
292.83093
346.7626
268.8445
279.9293
239.9216
283.67197
483.8324
633.7703
459.47577
399.00076
365.5136
403.6136
262.03366
292.01202
356.33716
332.34976
422.27115
271.05438
274.57855
345.08365
338.13525
314.1834
295.17987
403.63925
514.58856
361.07346
380.3626
476.1008
264.38007
196.734
290.66733
198.53026
157.95111
117.896576
134.02473
223.63138
274.4008
301.54578
435.279
288.1575
201.75351
189.80351
243.53268
108.2386
178.96254
187.75058
129.38023
217.20921
258.2545
168.74324
196.44914
254.96123
253.26073
256.4925
400.16827
203.1531
167.38258
171.54898
206.95587
169.23795
167.905
155.44951
132.80748
435.46378
453.2307
341.29102
301.46982
418.19077
515.9311
452.08197
229.94263
191.76144
329.44092
401.33026
284.59573
334.10068
192.73187
144.14125
100.634796
361.1582
218.18164
274.78354
316.47067
762.8425
784.00635
448.83356
288.94196
350.67908
204.4504
337.9125
648.7156
592.1842
274.57956
137.83453
228.26114
250.36295
281.3055
309.68454
227.03712
526.78516
625.5652
423.67868
236.06686
281.49252
256.82523
370.06165
582.53143
507.36688
186.51404
113.444084
234.04655
449.34106
363.99384
219.61378
376.04465
369.88843
408.1608
440.8759
350.47025
184.34029
207.95163
219.44902
287.38803
302.06976
191.60648
61.94587
42.56799
431.85593
342.20352
285.77924
322.60843
423.1872
275.9247
92.11772
393.4235
428.1132
268.93243
197.92381
154.57245
247.35918
130.16281
188.35396
169.5089
189.73503
74.59685
190.56894
239.32898
127.09215
54.692726
181.31133
229.21356
92.6716
121.18991
179.47258
81.41228
296.17355
226.55435
54.139427
62.656063
111.31009
125.21
119.677315
132.7448
181.0751
246.18584
294.5841
297.3656
166.37178
86.67837
136.87517
124.02131
287.1838
247.57645
247.54045
142.01747
276.15375
169.53722
162.7075
175.8904
97.72225
128.23746
92.050865
110.50269
98.26398
89.96049
132.2168
122.21173
133.28902
159.83806
378.68103
323.78275
204.6699
165.5556
117.24571
209.80643
294.90475
274.5581
263.09766
177.38802
384.24042
264.22388
148.33847
187.96683
227.01584
333.28217
284.55786
166.86594
267.74313
251.8415
227.9758
503.02155
551.1465
476.8472
472.8096
599.2852
255.06035
214.352
151.89192
175.32674
135.46333
396.55856
311.64127
142.82352
411.7722
153.59673
368.97565
890.619
754.4559
448.50317
764.14996
394.44818
318.55115
125.71598
266.8625
209.89273
210.6293
185.26204
148.62813
337.5212
462.4177
229.1456
247.32365
556.008
842.5992
774.09827
529.77826
807.7597
672.35187
976.4935
179.73512
129.46362
135.17415
183.71849
288.52255
153.04507
639.16785
360.51706
249.11404
223.27357
259.2921
350.25992
395.20642
361.74063
188.14941
169.05
160.73576
198.20137
251.5012
423.2422
357.72025
277.49506
625.1466
316.48224
349.35443
315.29272
325.33826
313.44617
213.57362
217.15567
218.49182
321.38577
165.8978
233.1046
372.5691
495.16885
366.69376
391.37906
411.75385
357.8219
334.3758
390.6741
370.85464
304.62836
281.3594
255.79428
200.3576
179.60901
157.19434
178.80312
347.54538
606.3249
270.1433
186.75127
346.61722
177.2542
161.31932
266.2594
230.92378
314.28662
458.03305
471.777
572.875
349.9449
239.73184
213.25853
265.03326
183.59209
209.47029
148.09247
329.2735
379.51062
403.1969
327.69305
337.60934
375.13376
541.44604
665.03516
719.1453
424.5847
231.90744
179.24837
209.70837
166.83069
178.55516
138.14157
494.89276
418.18817
344.19687
405.62436
492.17493
679.99805
472.3404
686.429
555.4155
268.37366
558.5784
236.39902
230.12692
145.63777
108.364136
136.39195
472.9297
361.1431
501.9805
282.9716
252.00333
258.74872
242.45496
214.98154
287.9245
353.7997
516.6599
302.31287
190.74284
186.29448
97.781494
71.38628
637.5698
254.28728
223.99174
285.2762
162.21817
212.27592
145.85078
155.1136
283.56934
239.08546
340.13327
210.8275
149.74718
87.99271
101.61343
99.23576
181.6417
126.3705
169.58063
126.85736
182.2441
189.9753
127.52001
166.235
320.4712
231.92203
145.13255
106.32017
116.369896
74.74659
45.793213
39.369183
91.148346
121.736275
85.262856
66.0358
59.82826
76.43936
73.14063
117.23928
61.19094
63.65935
160.4474
83.467026
53.000305
65.82914
-4.535877
9.882639
259.1837
154.41603
177.57088
184.72974
207.4428
203.25626
232.85106
326.2225
349.1273
201.00081
170.63657
349.50894
305.20993
279.86816
385.43124
306.11722
233.84023
207.66496
179.75174
214.5793
158.74854
133.66183
155.09041
114.851814
258.05768
155.08849
107.901665
174.85454
216.06352
131.4625
129.99908
132.17819
241.04466
161.15735
186.1197
233.26993
193.39166
191.60199
249.77956
384.27188
334.6287
184.02603
142.64363
169.48134
220.13817
143.91472
274.61276
270.74957
406.1748
236.95653
295.16415
212.35825
305.7391
395.88715
347.93347
301.39047
378.0947
379.12793
289.6635
307.49585
344.42267
276.36984
306.95853
229.7732
682.0597
1545.4142
771.22
644.9722
508.92545
344.079
379.32095
418.0324
431.95142
316.1996
438.0154
420.7893
401.24457
344.87122
297.251
228.0006
4829.0923
2717.0469
749.4563
461.6133
359.78857
541.67926
281.31006
171.85016
321.94162
156.79929
252.95088
287.14227
156.77167
393.13065
271.2717
249.45749
584.1918
239.72906
313.2825
199.2462
394.3531
287.96237
275.8727
324.43567
151.73514
286.3101
250.71062
254.75514
244.04834
301.84674
206.7564
306.86508
342.89886
221.40094
191.11125
229.98634
344.77997
374.243
328.50906
232.61392
162.77357
185.23618
214.4361
236.3069
187.21313
257.38818
256.29388
266.33005
396.99387
263.3093
149.23697
177.14018
259.59836
229.951
231.12437
174.23608
227.21861
249.36833
306.5424
381.67688
204.71883
250.24855
187.07202
241.4643
238.5765
238.2778
230.7759
198.18991
240.72319
232.56175
218.00354
316.0996
261.64093
247.39497
288.29135
416.4787
305.8477
298.5654
253.20007
232.46074
272.2606
192.2445
214.32434
122.059395
190.48248
202.36409
234.03284
289.40378
346.41162
339.67575
505.26877
334.61438
315.308
277.11145
170.14186
147.95181
328.8475
351.42136
343.6564
419.73767
343.02844
250.2098
314.96115
328.14258
567.3122
565.79083
437.6361
578.6885
326.91907
273.82043
230.69308
250.1114
229.9714
250.88704
187.06216
353.7361
148.71465
434.75055
507.9937
429.88876
547.8326
337.28934
231.72105
210.41548
277.36014
430.84183
304.0859
371.20673
269.45303
295.61667
248.56271
342.28363
307.0376
363.63147
467.50287
354.08957
250.10147
192.7095
202.34496
316.44513
234.93529
225.21645
178.93416
119.86015
169.09413
281.574
255.40318
275.93912
290.78903
198.70403
226.96112
293.50873
279.8185
275.2008
302.50684
283.82755
244.01852
233.1495
236.8782
165.39395
235.52042
168.56354
165.42967
171.37662
265.15967
193.06586
115.18499
188.3924
228.3096
289.3839
307.78775
223.73047
168.641
196.92538
102.81746
198.6283
137.3118
128.948
134.1426
127.727844
129.66293
123.51446
228.3543
199.46066
190.87007
134.11778
94.72973
213.23228
126.43678
168.5546
195.72104
183.52109
139.63416
91.59301
135.58275
67.348495
100.031944
136.37679
149.28423
81.81598
141.0189
62.62446
180.012
124.711586
107.34663
132.4803
90.6013
104.332565
165.23763
110.10501
102.06276
108.69275
97.21697
134.83328
119.71265
137.071
131.68864
184.12598
79.55316
193.48962
106.48925
156.55954
125.68282
145.64487
133.73674
142.07338
141.3353
87.86817
233.72014
145.76778
115.98688
133.5548
102.68392
149.82213
212.65648
124.5923
138.43416
108.06763
155.00119
76.94274
182.82977
103.38567
144.49811
137.99571
119.143456
295.385
164.30673
131.90892
134.60759
159.54218
162.86922
155.21922
143.98631
218.60121
54.276928
205.96902
154.71124
111.283516
176.93016
136.95749
120.778206
167.3819
83.77415
163.97038
113.324265
104.73396
151.95995
64.39596
183.41846
95.488
132.08815
107.57123
172.83868
160.91275
184.4369
153.89029
142.57373
141.74957
119.824905
111.379326
91.53277
98.85868
105.1809
158.93727
96.242424
137.55179
139.10696
195.79016
95.2559
113.651436
128.13727
109.32729
136.63054
179.61728
89.96859
83.10051
109.24967
115.508255
112.67459
115.49857
122.856514
129.37022
82.233475
143.13794
125.75559
138.66629
112.73442
137.27797
109.66126
115.95255
117.620285
120.089035
153.42754
91.92275
136.5943
156.56638
80.80261
107.50663
113.05347
101.18138
171.99696
116.93984
108.49502
189.45274
143.69843
137.48712
136.0706
133.36879
162.35597
117.355095
93.25233
175.69681
151.64624
163.93338
177.3277
123.0508
182.94481
133.78372
112.7379
144.824
167.61107
164.77101
130.67104
145.32501
134.12926
126.278015
101.44773
157.20308
99.22276
109.14847
87.90021
99.88353
187.4771
117.5664
121.051384
147.08751
136.66772
170.95718
200.02116
151.3959
135.82727
199.5673
177.93361
131.82007
87.34959
189.78741
211.17284
182.07983
155.83403
114.071465
184.40303
147.27307
162.24393
158.14877
127.82362
168.02689
155.97658
139.56284
157.13512
138.28229
160.93068
100.65231
201.6044
84.84162
166.30083
175.13268
215.02202
149.94731
151.58844
139.91437
127.146774
188.11139
136.28067
142.88112
182.10368
152.13373
126.526245
101.52948
60.548813
72.3957
185.49754
164.61215
174.15685
143.60902
128.90666
122.728516
146.21867
142.6684
220.1787
148.0882
153.55893
107.95296
113.156876
177.1419
77.39573
30.442389
96.38263
68.89815
105.059135
105.878235
76.3996
117.344376
112.32653
110.08101
138.77184
38.876465
88.37645
70.73553
102.38828
55.28358
55.52213
56.555866
103.28717
78.724945
46.008617
77.97811
69.65764
67.65666
51.814175
78.30498
71.343506
52.54299
104.56952
93.09559
92.753174
124.06785
127.78256
103.99156
82.96333
76.15173
52.938435
44.008305
56.600918
69.092064
109.25298
75.22836
53.919605
105.48839
99.44883
118.82953
107.99036
133.4922
93.33218
92.22382
109.55441
110.4066
90.73662
58.73381
83.911156
81.03825
85.29375
106.83175
47.795734
83.87859
93.76966
57.080997
92.0252
179.69286
149.89082
158.14784
147.53276
123.945694
123.76365
130.57552
107.327255
84.30763
168.30524
172.3881
177.94093
189.38008
120.21762
159.74867
209.59581
75.16282
200.86542
112.90035
158.28903
151.97885
115.60622
158.0279
74.76279
74.955795
91.961845
104.45271
103.917595
51.621746
94.52397
144.61317
74.98927
76.097015
108.55123
168.13103
149.31693
93.408585
116.38354
113.53907
81.38971
160.26382
128.51828
67.26449
135.45532
127.94519
198.41524
158.85873
127.92764
116.10566
205.79416
90.36312
190.71832
148.927
110.750984
106.18283
106.19705
149.48376
93.727
115.895065
141.99902
124.861534
139.40637
132.8971
100.46151
150.27359
68.475365
174.03506
212.65219
170.3531
211.95306
150.21826
106.85749
132.66887
119.56335
115.676346
142.69368
131.15747
165.47665
141.37683
108.93593
153.54732
146.1821
151.67429
227.85307
110.37103
231.12328
210.00444
197.98344
164.24007
247.18144
262.04578
179.07924
183.49638
169.5086
120.85543
169.55745
140.07303
106.63046
103.887924
195.88286
194.20287
152.67543
106.95473
141.74939
169.8559
163.27527
220.13841
171.61891
217.168
110.510155
148.5746
108.633446
99.03858
77.007416
50.689793
178.06984
140.0002
134.64621
164.57332
145.59108
107.40302
138.5381
142.08058
209.95573
161.24632
137.37798
164.711
126.514946
105.57665
54.51087
52.304924
210.12602
223.1435
144.83722
225.21083
243.09488
172.69217
193.05688
268.78088
244.5189
173.8701
137.27702
301.54056
137.68172
127.847015
97.71904
51.210213
121.80015
154.18019
139.38976
176.37718
136.43887
212.88315
124.7893
152.21405
192.76445
133.95274
120.776184
200.78421
126.620285
101.42912
101.096855
37.956627
155.75348
121.89478
143.46397
137.26491
172.27823
160.0254
123.75396
109.32697
166.08908
159.23521
190.29892
144.01141
170.62822
84.49442
94.45211
68.17704
123.76687
61.596672
82.89672
199.32828
61.865612
124.26879
84.49699
223.31805
107.60202
142.79193
156.2209
233.00784
68.300606
139.7092
121.20255
64.52596
168.09346
49.7506
122.7263
147.50018
76.115
176.86107
173.38254
164.00543
63.57782
71.82453
76.397644
189.77895
113.08881
78.317314
71.98082
17.74966
156.97926
60.19979
60.651535
185.62943
56.567917
86.302246
64.12302
121.87002
52.30767
100.57816
126.123436
146.5937
105.726234
114.951996
148.73378
118.16552
267.5706
143.49277
139.01323
90.152626
114.62104
77.58428
140.59453
109.410645
160.73424
134.00275
131.68564
106.48338
174.69427
114.31303
96.60649
81.592316
309.38602
120.215645
87.21327
135.76982
67.4643
126.43416
68.67157
86.215096
116.96571
118.31867
160.91133
141.97894
147.0737
148.96222
227.43326
234.24878
159.3912
119.93983
77.07357
90.641495
155.09705
113.906654
132.85352
120.92815
186.39972
236.95146
189.66269
126.13121
249.4938
398.56757
241.56221
181.04425
136.36575
124.68535
122.753555
109.70431
190.10878
99.619965
113.41125
98.203995
145.43599
156.24744
136.81084
180.33766
110.82753
142.7671
280.64417
134.79962
107.81268
143.92805
143.30826
85.83586
143.07642
137.05978
178.72069
180.50322
103.4366
137.52411
101.73561
135.89143
130.20386
210.78459
126.82187
223.38304
115.79943
155.88582
161.89594
193.55524
304.2987
333.6147
346.285
216.95395
157.47058
233.6764
118.28196
123.80936
116.992256
234.93748
170.58516
209.72017
204.95497
259.86942
365.51135
162.89987
359.30893
589.93445
262.4945
115.01789
112.88621
108.532104
125.614075
195.82642
210.86893
252.67343
215.76064
138.37157
343.99316
408.90518
191.80928
254.72113
360.01962
305.3472
149.86821
139.81812
189.38098
152.52118
164.37314
156.74544
316.42096
243.01892
159.22075
87.57781
256.21912
278.91217
160.01006
284.00302
219.65369
125.39969
192.78072
207.55722
188.59282
109.37745
184.357
116.96323
162.59073
187.3323
162.21953
156.15103
221.13116
166.01526
105.59776
102.79355
118.74195
172.74667
187.93297
237.82759
214.25793
146.578
150.80785
266.42035
245.56856
307.25574
142.91602
201.0633
307.4276
278.98395
120.27086
121.70303
138.51949
146.09026
176.36641
326.7386
327.3075
222.46947
231.04507
216.5436
411.12344
320.34247
224.22449
157.7101
356.42175
113.189606
105.28837
162.83904
215.08295
176.92763
217.16443
300.9959
346.4289
220.16208
360.86072
213.13454
163.04886
315.0121
247.25217
51.2904
183.43002
147.82677
112.99239
178.90834
234.49042
197.47496
236.84865
281.53055
334.88977
349.3186
415.4463
300.20566
133.09079
191.2477
137.01468
153.38446
77.917946
218.6355
328.37555
247.38892
234.806
203.5874
181.62982
337.48602
319.46497
227.61234
254.59995
190.80635
158.64122
223.6278
84.55033
93.11252
145.5322
95.772964
220.21191
203.5765
283.3617
129.31369
76.06929
232.40187
247.52174
228.1586
84.34399
146.5803
37.59017
98.92397
111.36404
48.707165
107.92168
228.621
283.2994
147.88283
162.04031
123.93125
114.94247
184.22568
169.66664
154.08693
171.1604
200.23862
192.87897
238.00699
319.04575
248.70369
200.812
224.11057
299.4173
303.9972
174.44218
130.8617
243.40697
312.66803
238.68753
168.22267
283.13437
213.81737
125.78245
114.45134
164.218
116.47409
264.27222
279.3738
270.14963
216.6205
326.50873
305.43683
191.3873
269.23248
190.16504
105.88506
390.2739
250.53537
183.43022
146.58546
281.4959
257.88678
222.27454
236.29048
182.8671
208.32578
540.87537
278.08557
225.86871
251.29652
205.15773
135.97246
193.12514
244.86154
178.26541
129.02142
262.19522
191.26857
208.6989
330.7371
377.058
478.90985
303.03128
398.99475
357.38153
212.49068
190.1682
210.86058
122.85041
157.07706
152.82628
171.36943
181.05025
250.08153
178.14163
114.48446
236.04276
361.0611
295.02988
311.20142
481.79572
324.80197
297.84973
221.05591
254.69754
193.62747
167.02925
214.71742
251.27026
289.6556
280.10846
159.52766
201.32361
384.45737
256.74326
203.68672
294.8987
310.1415
219.42516
193.21312
238.52287
196.09378
232.95949
188.69514
241.65584
186.7636
312.10736
288.71445
284.76343
302.88644
221.58162
238.98218
127.12867
234.7032
139.71587
286.53802
186.95636
174.07326
199.00365
171.18423
167.95981
193.08087
217.92577
202.18245
154.00331
205.1235
135.69984
125.91528
172.89143
241.91823
164.48915
141.77156
145.59624
216.94041
266.8907
252.19371
229.17125
105.0678
265.48788
200.42699
269.1411
265.21097
161.41792
205.21004
267.42252
297.62753
217.4946
191.62843
312.53873
281.03778
277.98352
249.4485
130.05356
111.24072
191.21141
158.16875
266.55542
205.02518
242.94168
231.66386
247.3882
272.64227
201.17888
239.00761
179.68925
269.9269
268.66513
171.38266
125.12619
98.17817
258.26364
222.69313
233.94673
276.27856
379.00256
291.51053
200.39474
185.42958
199.48419
230.69032
218.31834
250.89607
301.5028
212.73799
208.94054
115.98639
129.78644
175.46718
252.61923
317.93994
200.63802
309.6899
328.09546
74.94963
31.144796
76.97123
103.636986
740.69495
393.3527
146.22247
127.17393
128.7866
171.31377
307.20105
139.03897
166.8288
186.37437
130.34312
142.08052
218.04779
203.82709
235.81136
223.43561
288.65784
261.7524
242.9922
138.00337
117.17872
173.4542
182.15282
165.55988
192.78311
180.43228
120.787155
151.27065
282.302
205.36348
180.74504
175.93994
170.8168
227.1984
67.7137
71.45954
243.49388
39.765804
169.79036
92.86364
150.96872
89.16501
118.82957
52.76999
126.99301
232.87349
72.38364
204.84854
85.997025
257.75555
93.19893
114.68084
145.88737
134.52843
147.32722
151.46468
162.05064
266.1018
267.71402
311.42285
165.10748
240.2103
267.72647
221.36546
174.28781
108.57153
166.01718
192.84908
188.64224
354.21252
174.10115
105.55899
97.93322
153.7692
204.64104
202.61198
134.38684
159.7062
187.12987
95.33954
79.03666
55.391327
98.56048
74.38517
132.06615
268.01016
175.43193
124.04994
160.17143
106.62226
197.41104
135.4716
211.00923
200.03722
126.247116
84.50128
115.996635
127.359474
62.14178
92.3868
169.1234
233.4372
281.0223
273.6366
304.02863
233.4969
219.96904
125.87068
143.80931
134.86983
93.15313
79.238014
83.89061
135.41856
105.32815
114.18865
168.90521
282.03915
265.71533
300.9181
240.01436
231.84282
192.30528
126.9747
119.04493
168.23389
73.1061
184.67065
71.25924
150.0087
120.08702
150.53148
137.50346
395.349
170.83345
202.58546
188.5205
363.14566
289.02945
209.1405
198.34149
168.60065
198.28352
139.81749
181.00328
120.3624
187.5616
188.70033
233.97066
210.29778
141.84448
94.38918
325.6231
339.6706
1003.65106
711.0451
418.80942
241.19519
168.52428
278.3152
285.3681
219.70715
283.58096
129.49132
81.357475
309.9289
143.94237
167.94102
274.88293
298.6813
505.07965
415.0205
198.3122
251.34703
264.75507
234.93776
275.76224
403.83658
324.754
253.94174
209.59186
319.63336
88.602066
152.94775
231.81432
219.60776
214.87164
171.49904
193.71333
293.91232
347.87762
165.14276
132.96553
306.30768
273.43234
162.6638
100.329796
283.23895
124.89575
135.38374
131.79797
90.28819
125.429565
201.68343
200.18631
197.50206
163.5977
122.7767
121.15272
261.3826
226.64268
323.0403
114.55306
230.14516
90.33148
146.63307
142.54149
122.139755
285.8624
238.11757
197.20346
225.07574
114.99836
127.37394
142.94868
326.53085
270.57172
182.03368
184.3321
310.78754
233.76294
154.10243
172.21884
149.49716
256.76822
278.3176
339.71457
182.16934
237.25507
158.01553
184.83322
328.23352
200.20113
199.193
90.2534
133.50287
115.87951
173.01634
123.496216
173.74173
250.93933
191.74506
284.0716
429.1445
140.09897
174.00984
162.67062
146.96829
199.28882
81.08171
64.724396
180.69875
98.40657
191.58102
156.19716
141.10802
151.39012
242.75137
215.64148
112.703865
200.43195
250.2
199.27745
243.74948
141.5197
61.973427
134.8691
149.95987
236.15283
273.4077
182.44528
187.83524
127.37169
108.6124
329.57013
258.77222
359.1664
242.79022
159.59227
225.44505
111.435265
179.68839
103.815704
224.06116
247.42085
191.61174
72.19311
150.05876
49.414265
125.994415
103.70465
86.86067
199.16315
203.77739
203.96638
98.4956
149.30725
66.9666
78.61967
70.50062
65.76185
420.6661
91.915276
86.58016
90.6025
162.38052
106.99942
86.8328
88.84391
230.30127
132.10112
98.508224
120.606415
111.33996
132.36179
115.45263
71.85086
109.80062
84.03647
81.1884
240.00125
177.00107
184.17233
37.188606
82.68037
133.35422
165.67255
145.93015
146.3664
106.67631
119.76507
238.75618
130.55293
190.45265
123.25953
112.995766
140.99878
121.502785
84.956314
149.28123
70.23663
195.3977
218.27695
108.84299
71.27255
107.05192
70.95504
134.77621
168.50616
87.931244
167.9177
132.7088
97.02158
38.698784
72.15652
114.55415
127.80885
88.30499
83.22891
151.29854
143.75809
122.782524
83.59272
143.87239
124.78692
170.68561
165.16241
101.04479
124.13863
100.25373
83.69691
120.932335
122.05147
94.74769
127.91667
114.851166
84.56265
78.09251
71.48695
131.95189
103.01417
136.74051
113.68257
77.61321
107.92272
88.437256
89.500656
61.561897
52.235992
144.2926
102.26133
57.142303
85.06158
164.70445
166.8043
288.5503
133.80675
171.80438
182.48715
127.50791
157.15633
221.59204
165.06883
105.54469
73.582664
183.23192
111.015144
54.56691
77.04629
96.483696
130.99329
257.1904
210.23682
142.06267
181.6704
222.42737
199.88887
190.36067
245.08337
107.83393
116.06203
121.61546
136.60033
120.879944
129.03265
134.4351
157.51329
216.77249
204.73283
285.42606
179.78441
99.00665
78.17908
114.89149
86.94906
47.452843
112.50412
155.71852
154.9662
111.64577
187.78358
122.800125
100.98972
188.8801
233.09718
187.00917
92.35596
91.74929
61.714336
45.029236
116.34573
134.50327
107.54797
162.82141
131.04701
72.78641
144.29565
104.68757
262.79352
137.4402
175.47015
152.75685
66.50332
57.217987
79.202934
87.361496
110.580124
101.14772
244.34341
288.5042
262.89343
125.617744
113.60637
298.28088
140.54576
146.94594
208.68213
197.88316
99.2852
122.130356
94.30473
98.314964
79.46274
108.25798
177.04195
115.416046
133.37047
165.86613
225.28333
238.18936
182.75174
155.5042
72.199196
113.93558
102.44816
75.61799
138.9133
121.256325
114.78731
148.34712
71.37986
138.98923
282.40823
134.73909
149.56847
180.19295
120.92012
56.852913
119.96307
112.073006
95.23199
71.608696
102.9918
135.87114
196.95866
137.91599
127.22762
105.06246
162.20865
80.29703
98.36111
145.22812
85.092285
58.721535
119.15214
150.6386
89.730545
121.68411
60.92809
139.79715
99.657364
77.4511
149.94748
65.836464
105.01094
123.087425
135.55899
136.86362
200.38113
247.85876
160.74997
176.89156
117.92568
77.82512
185.78326
131.92189
145.76346
101.38423
155.26773
115.30796
88.44286
73.060555
51.96996
54.130825
68.513855
123.77153
137.91855
125.97543
160.34557
157.41425
200.0832
209.51103
152.66629
151.69067
164.7202
143.47559
157.50845
159.24745
191.51546
170.87143
173.03107
159.4179
95.81509
150.5948
82.45894
83.42798
101.487755
109.50442
130.03114
150.15816
99.17356
181.58517
186.08517
212.78568
241.83788
145.74278
220.47192
139.79703
143.42693
124.6387
142.3754
118.81706
108.19892
108.88032
135.86935
112.74452
224.32741
232.53271
194.65544
141.38095
215.95306
206.5434
175.75346
142.96873
131.86931
206.99469
138.73582
205.29794
166.41783
117.463
157.5613
183.66264
186.30943
230.58504
113.08419
170.22746
193.37119
124.674194
122.49336
202.16339
192.31415
148.13303
135.97302
143.79936
118.29513
203.08047
177.16948
148.96713
199.10638
188.47516
188.17677
161.68515
121.013054
166.82352
119.86413
135.7067
105.743126
176.33046
93.51813
126.315704
164.27385
93.156586
260.4635
237.81406
263.12656
249.91403
225.55843
142.97331
95.39966
192.3922
119.44147
204.81041
110.330376
188.89401
183.43509
151.1484
173.42357
199.83937
349.8472
365.69873
232.97578
175.51282
166.98688
131.98363
202.11333
150.34058
128.17079
197.8354
100.14346
145.44551
92.189575
106.86635
164.94762
145.41501
143.58334
146.97557
132.93562
145.34602
149.66888
208.76012
156.72896
148.7621
120.476006
187.31139
188.64871
149.59084
157.02994
154.1166
227.69864
167.40536
178.63318
183.76622
117.22181
160.12527
184.27849
187.46576
144.77951
170.96579
157.35916
202.7467
148.6404
174.5387
134.072
166.4296
171.71959
224.95168
110.95584
180.1971
130.2665
93.86179
140.96039
142.26337
148.09435
129.2677
135.0885
230.94044
117.52771
130.17915
119.530785
158.08612
183.43625
182.96538
147.29257
107.17186
129.7223
146.63097
135.53903
116.52141
182.42224
119.35661
137.88431
207.42197
226.91266
212.49028
166.68434
173.7498
231.4177
248.64575
212.9597
146.29318
119.88026
160.50171
169.81071
192.39563
133.50037
106.632
151.3886
200.29109
200.55608
163.29445
136.29532
144.8274
217.96927
296.65237
238.05757
198.56433
110.76435
133.39789
195.02335
139.22972
112.181114
109.68886
77.93431
168.20882
106.395386
145.35266
90.83878
167.32748
165.72198
303.87555
319.74377
213.57935
173.27821
142.35872
120.84514
132.69093
97.965
136.39899
77.32415
146.07411
87.35792
118.06561
87.72645
125.21915
185.08493
164.09999
265.2379
143.68733
131.75894
213.87213
177.82
152.61427
176.44275
95.861984
57.887573
124.73653
90.92051
75.873146
148.89728
146.67311
108.26709
148.05867
184.44081
203.93048
189.75417
115.76686
124.380714
162.82625
116.53999
56.70691
63.51386
158.83575
96.8428
92.04978
91.66848
92.0692
151.56079
146.50862
175.91817
174.57248
233.06288
153.77657
139.83672
108.37132
105.18838
86.380104
75.505325
127.88502
37.49268
112.176796
79.276085
106.58134
78.38451
73.92968
146.46805
102.90585
79.635506
129.01854
73.41419
38.11987
94.9346
131.7735
132.39984
106.221436
101.435005
74.59947
112.11479
84.05949
122.771545
99.796
128.86446
151.1669
100.55373
142.66714
74.72853
83.444435
90.51269
115.41408
103.75144
170.2815
146.39647
146.3781
130.19438
92.9427
165.14034
96.2089
144.37039
139.3164
185.65224
97.90694
149.85211
103.74335
97.748215
153.07849
132.15791
149.77063
142.4875
138.05331
136.91718
134.80907
140.47504
154.58195
229.42332
100.246506
133.84142
85.40377
187.45088
142.72807
141.4125
142.64511
107.10288
183.83539
145.9234
130.83353
116.77762
156.75354
141.27762
136.9428
185.19115
104.661194
167.29605
136.96089
167.24516
102.61792
171.97234
138.7585
109.31956
141.92305
131.545
165.49854
115.94394
130.41197
178.83496
156.57957
130.08427
165.64478
136.3383
139.67714
157.6753
126.99772
192.34058
142.7085
143.49991
161.26126
122.28836
161.06686
135.39388
145.65614
174.87042
142.67305
139.56367
122.932236
132.42357
122.75555
147.69283
103.117874
177.723
140.16501
180.27994
156.55904
143.67174
138.71703
144.43088
118.859566
168.35962
167.86763
157.51283
108.63179
156.45908
125.200005
120.28712
99.01845
115.624374
137.91573
107.795296
261.45493
184.39136
220.60902
135.55853
199.64664
240.47243
172.19688
218.38869
186.23708
146.16391
155.419
198.73022
167.53258
172.27667
171.93393
109.088936
192.10773
123.8269
111.64401
122.70001
151.52432
89.79387
96.27755
137.91429
104.39499
123.16209
93.95944
123.83409
87.948654
105.75774
90.45766
75.38161
205.01881
167.44557
167.52724
195.96294
223.18626
231.19255
181.69029
239.47382
196.53284
208.1419
138.03494
198.88057
136.29472
144.07547
79.988335
84.4918
164.56044
102.358444
204.56154
152.38306
126.89139
170.31284
151.1366
122.774826
178.41432
164.88455
126.42617
189.78899
98.72184
150.3363
133.44786
35.96993
154.081
98.64132
71.355934
123.04722
155.81905
166.35153
206.53781
132.6579
193.3787
189.90584
175.93329
105.10409
167.06746
136.55034
76.12642
98.69811
72.3523
113.328384
134.53784
200.42122
172.44312
174.4612
139.74678
148.50772
94.13275
173.65782
74.977776
127.23349
94.698524
82.43385
53.126118
44.174854
81.424255
87.118576
98.802895
58.93957
28.600718
39.144066
47.54104
85.617195
89.971085
86.17162
63.84814
65.7885
35.7493
31.14275
62.63064
75.14896
147.07716
173.03195
160.06447
141.74638
147.52586
156.95464
193.95833
110.22882
132.0337
176.91174
217.36678
241.28894
347.0914
271.50928
244.8494
254.1582
175.68419
115.60539
145.94952
134.21606
187.77298
173.63792
119.686386
167.22443
176.67941
149.73418
136.02647
193.36966
191.96732
95.54843
134.54384
259.89752
92.56171
180.20218
159.16791
185.50565
167.90497
185.21613
143.11012
191.23495
166.90883
179.08775
173.31874
164.5901
209.85136
192.69635
189.52798
242.76518
114.52443
161.0005
137.79364
133.98296
122.55864
145.02585
178.50116
162.85866
159.28633
178.06664
151.47112
272.03262
165.07782
238.14001
177.10239
249.91138
129.9509
152.63277
155.79503
209.4267
252.65463
189.99164
164.52919
166.8942
163.56657
292.84897
216.79514
408.8475
276.36905
217.05417
226.77861
223.137
139.13783
165.62505
149.59625
175.81935
135.4139
144.9951
229.90944
223.84991
159.176
498.78915
909.48773
617.0892
456.54083
277.57843
291.71793
226.27174
134.98698
180.66374
156.36604
179.5938
169.74425
255.57005
218.74165
229.04126
202.0761
184.28008
282.58676
316.48282
713.7308
693.07196
421.74146
227.40366
130.74492
117.75498
176.97594
123.826164
122.85458
122.230606
153.02148
51.794697
196.82104
186.28891
222.61324
203.22295
229.85669
320.7702
513.3426
206.91896
132.0086
125.41055
168.16533
144.91544
182.82243
172.99571
202.35031
167.265
179.81952
225.67052
202.73938
146.80054
265.91153
352.4476
246.64774
252.76633
177.41586
180.51906
165.13876
128.16771
210.57454
188.83337
212.15813
173.10333
146.52013
152.12729
192.28664
244.51126
221.31204
171.96928
240.03311
182.47554
144.31934
173.48758
170.22908
132.27167
162.88367
162.46922
177.90562
175.7433
130.95811
175.87604
173.56018
135.417
202.5943
185.31792
199.00813
261.48257
356.87912
191.84607
206.94211
198.41913
174.77899
200.09209
259.88074
218.43713
159.85757
172.44983
175.88925
151.6063
191.54942
169.88765
135.95049
263.93442
242.09015
399.4704
191.58754
121.68828
284.36456
204.92415
188.02364
209.32976
89.522766
211.10347
108.067505
203.79558
118.10519
114.33592
151.6936
213.37659
110.131645
145.32843
173.06898
110.73063
201.86145
123.35277
185.70628
150.38461
141.03764
89.111115
112.74952
128.11703
109.53206
169.96353
152.89293
167.1553
98.64101
93.36465
85.67351
102.21756
185.75348
154.3594
107.18766
203.22072
258.15012
157.98523
105.82766
151.14978
113.5801
112.50547
140.67621
139.65733
69.516914
100.89892
130.95044
174.18878
140.02858
107.52378
103.07672
197.09062
92.10264
67.28525
90.65264
128.36089
98.52765
104.42451
68.2261
100.30211
126.732994
115.22515
115.26878
156.8137
130.56448
145.21544
150.82965
158.83202
188.96884
171.42456
135.46513
141.87846
247.61986
129.94438
286.6272
208.46785
225.5342
122.08401
188.77986
151.48337
176.22768
155.93987
173.03056
117.204605
136.02931
142.84668
178.46947
214.69652
95.96609
193.22458
147.42128
69.62879
200.46727
154.5067
130.12953
186.4377
170.35498
166.3341
244.543
148.15869
188.63947
119.85169
151.07167
99.20122
202.1422
162.5842
116.161156
123.95996
164.35579
188.94301
247.756
191.49695
177.37608
213.6428
164.78777
238.2622
170.13634
114.82074
124.23905
170.29329
180.06935
185.80055
198.81023
189.11276
204.24226
140.23282
158.46025
166.4343
126.04602
89.74386
130.98343
217.01764
128.56963
166.3112
140.89442
191.35117
145.21416
194.02463
165.51073
127.30553
251.10611
181.01929
187.59747
161.53154
193.91737
149.264
193.03957
196.04243
183.96321
152.88533
172.42311
243.96956
208.25758
241.29941
183.31767
69.48572
229.20966
108.37702
161.6892
145.77022
148.24838
194.7537
128.25526
227.93002
161.18332
173.64618
156.33295
194.5873
181.40762
148.81725
119.62389
105.95286
242.60083
108.524414
124.7989
116.09388
136.61255
183.0508
163.93758
142.02069
192.70796
154.87099
124.98144
172.82475
171.63757
154.2089
127.59887
76.15562
276.19446
166.98737
128.75249
136.00761
184.84894
192.68929
170.6937
114.21641
227.35204
171.93109
151.0095
190.0424
107.95476
178.85333
185.43044
111.8679
225.06375
139.20845
217.36061
146.46323
109.658775
174.1502
148.70564
166.55849
176.39108
166.60803
159.6877
188.38977
141.72716
137.31516
172.13812
157.31209
256.08942
218.46631
184.19861
203.64912
246.84134
195.2363
229.10455
178.56471
209.38835
183.00708
220.15788
186.25688
197.58752
222.07944
153.98788
219.34798
255.31392
149.22716
143.30998
172.06345
170.78302
168.3975
213.91093
218.7012
153.64249
150.60799
182.98114
152.08563
116.443344
165.27252
110.55375
143.93301
245.56528
176.46622
133.50423
80.770424
131.11842
216.88246
155.89142
155.58717
162.28258
134.13705
167.02356
132.646
172.82545
149.27719
138.0024
176.05106
166.55008
111.78203
118.988
132.45583
140.72609
147.88628
146.81721
162.0627
176.989
239.97316
160.41574
150.99445
124.80382
130.45769
132.5394
83.30845
105.29648
153.51907
133.16151
92.908
182.52507
142.16042
157.85033
152.63112
168.702
142.61938
133.34448
108.49557
89.793846
70.465546
48.963
32.24433
64.82291
63.861145
74.69045
95.69135
82.83396
91.66182
113.04321
144.78098
87.76387
72.46743
104.36152
87.71941
92.378944
62.36204
31.117643
49.485027
174.63248
29.157328
183.55899
165.94023
150.66916
217.83998
95.33994
259.12598
136.04639
221.33449
1048.8282
436.5636
516.176
514.5228
791.8575
538.3619
1340.4634
673.58167
341.22546
704.4926
955.4088
594.1948
923.1119
411.82135
561.40875
750.3472
245.84732
581.164
1105.3226
1428.9387
922.76575
533.0338
1326.0613
927.7212
1078.8906
1230.8998
958.2558
2090.1074
2121.1062
929.72675
837.8601
1372.8186
1148.0559
959.2015
586.6936
1076.1831
1410.9376
1049.8569
741.60187
3050.0398
1091.3483
1320.1482
1663.3347
1534.9553
1877.655
952.5527
1710.587
1142.0645
540.0454
1017.189
1021.3605
613.62335
1015.2844
969.16626
731.7702
2449.4204
1505.7671
1703.9285
866.17395
974.407
2120.4072
1773.052
2222.2195
2202.7197
1036.4836
2313.2927
1773.5991
1454.5331
487.9297
1562.2312
2508.905
2383.4978
4052.6814
2377.1987
1780.077
2614.7732
2593.9866
2460.1025
2406.706
3323.8623
1773.7844
2502.151
1292.3285
2959.2083
1325.9475
1098.7125
4480.587
3148.4678
3220.4802
904.83014
1499.428
1457.724
762.7484
2311.68
1912.4156
3130.931
1116.6736
1304.4817
3396.4138
1075.0876
822.2585
3061.7288
1991.968
4336.43
3137.6497
2850.1267
2825.8252
1898.0541
934.0317
3432.074
3460.3015
3108.0432
2603.9038
1941.7946
1876.6703
2465.8901
3172.2588
2379.5562
1153.5939
3829.8618
2985.6577
1762.2046
3221.254
2748.4473
797.22595
2092.9495
3280.9268
2553.6626
2197.3323
2982.3674
1731.2704
1425.7484
3011.3506
766.2323
3778.8394
4602.4604
1422.3259
4373.683
3925.3958
4506.4
3028.7288
1353.83
4120.9697
1228.8535
2191.6707
3403.8716
2675.0535
2577.5708
3882.0522
1391.1895
1208.2499
3545.5735
3613.5845
3706.0054
4143.102
3715.544
4598.566
4018.1494
4691.7793
2650.1887
3708.4097
5020.092
2471.4778
3408.0989
1980.4331
1307.1128
1653.5895
4712.0215
3935.9124
4023.142
4362.5527
4933.212
2150.664
3503.4072
3487.0732
4719.3306
3746.5232
4301.7236
2857.845
4103.2505
3397.24
2088.3894
3036.4033
3662.1245
1988.338
1692.3318
4116.541
4239.307
3844.9805
2749.0337
4576.8403
4036.5872
3230.7424
3496.725
2995.613
1883.2733
3542.9407
2739.3452
3299.7153
3331.4485
4472.181
4437.043
4517.09
4724.047
3878.833
5975.1406
3813.8271
2275.4858
3343.2864
2370.809
3197.3826
1602.6866
2396.9004
1929.631
3412.547
3016.8767
2414.6953
4158.608
5834.694
4950.607
4037.3223
3183.065
2796.5044
2518.9497
2927.3728
1852.3496
2945.798
1678.5592
1184.0856
1439.0254
2625.7217
1840.4763
2905.778
4049.6475
4064.8774
2161.1978
4011.2698
3571.2205
2676.3762
2328.429
1993.5438
1600.6508
1608.8491
1635.0547
2041.9115
2812.7092
1788.1218
3001.215
3298.7883
2303.1758
835.9842
2299.24
2489.105
1416.1653
4691.543
6136.3013
5151.432
6218.6475
4835.647
5480.3755
3775.8367
2644.6282
7415.1157
4156.317
4105.6533
2995.2598
3766.613
5280.1753
4447.0522
3634.401
3440.2388
4179.4756
5158.145
4333.142
4186.3203
5019.887
5397.3306
4137.7715
2693.443
5925.7686
5663.4897
4857.0835
9378.458
6104.778
4983.913
2108.737
1816.6807
4026.3618
5451.862
6866.0923
8064.9805
5892.8867
3979.4045
5627.47
4030.883
2481.9314
4695.5425
4373.4263
3513.1716
2981.4426
5343.292
4190.579
5073.5522
4198.1274
7137.8765
5017.9316
4370.473
5617.5947
6928.6265
2733.1328
4437.971
4786.373
2298.675
3850.5574
3827.294
4323.774
5393.2725
6149.9126
7319.548
4059.806
3050.2708
6230.251
9112.372
5986.8037
6970.251
7656.169
8761.459
6019.3223
5213.874
4123.9385
5987.1597
4705.4785
5012.4673
4542.478
5031.4775
6771.2354
4077.7942
3419.155
3494.8943
3708.321
7100.853
5140.5127
4260.621
4552.617
5315.1973
3261.581
2807.8638
6584.1963
3907.303
5723.906
3121.7668
4654.53
4662.3545
2957.0557
3322.2478
1777.4429
3397.5632
4772.2363
6085.8325
6848.815
6571.0317
4547.9976
7059.152
5846.2925
4943.1484
6559.8086
6941.7026
4347.0967
3284.49
3589.1294
3236.9294
4746.438
4834.751
4430.83
6868.5586
4815.1006
5948.4517
5896.2783
5098.519
6132.3604
5732.005
6112.8096
5320.485
4814.1313
4578.6704
7968.9478
7861.2197
4352.561
3726.8574
4094.0789
5929.6367
5527.7397
3776.5952
3861.2314
3986.9392
5195.212
4805.355
8546.757
6555.8525
4190.3013
4047.7898
4648.6606
4440.656
4954.2144
6993.2007
5151.3486
4208.035
6069.1997
3705.5125
5036.283
9403.793
7321.083
4868.723
6005.737
5392.663
5955.982
5850.609
4875.349
8506.372
2760.1038
4380.345
6302.919
5036.581
6789.7896
6989.2773
4023.328
6574.545
7278.467
7629.874
2528.771
3928.3877
5194.8237
5926.2217
7071.3394
2877.0562
4535.296
3814.4197
6624.2607
6360.392
7804.3037
7985.0313
7034.7495
6955.991
5782.4395
3412.1423
7285.986
7581.6455
7081.073
6700.2236
4814.1426
3958.0361
4916.5596
6891.931
5794.1714
6342.492
6827.5205
8547.028
6160.0547
6821.215
4672.4277
3766.3225
7292.417
7816.9717
7901.475
6092.1543
4695.1377
4512.564
4043.1028
3981.4048
6659.796
3734.6284
4771.6787
3715.2603
3988.9587
4858.292
5609.005
4439.4546
7100.7817
8598.583
3862.256
4727.0493
5531.6465
2748.2546
4821.096
3300.7634
4240.37
4157.2856
4513.1396
1719.6835
2496.1274
2321.6416
810.4914
1461.4014
3720.6426
4366.284
6477.078
4179.907
3881.1392
6796.465
5227.9634
3365.435
4370.7583
198.25859
220.78488
125.18111
61.99479
114.28887
271.62085
166.3036
216.54407
229.43721
298.62595
216.07239
297.01877
268.8344
177.75533
221.03694
161.51996
257.15308
118.46086
127.55946
118.87966
79.10629
160.16243
117.33025
174.17606
86.07034
79.45463
129.67578
125.51015
149.38412
137.83855
124.03965
206.35945
143.95506
90.709854
106.76387
76.5895
125.50463
116.893906
79.51484
77.6718
77.18897
86.59919
92.92221
100.075836
81.63881
81.83569
120.53421
79.9893
208.33162
186.37277
150.80734
156.84515
192.73445
174.36638
124.07034
234.77643
270.4072
140.48581
222.90921
172.71385
201.73143
301.4225
152.84753
201.56203
122.58949
128.04257
139.84
72.50255
109.19662
98.86324
107.96974
161.82927
129.56741
118.29699
91.97117
153.08199
116.02236
84.97242
131.48047
126.40947
295.11884
159.27461
225.24448
168.99483
187.8288
172.42236
168.66557
210.32724
226.6679
137.14726
131.49007
180.71779
171.43001
194.97777
151.98889
194.00395
244.90651
171.58426
227.37122
208.1291
237.23756
189.83324
201.68825
233.53731
170.3398
238.32713
153.10399
203.66792
154.6512
194.38193
241.12784
209.62254
204.16962
159.00378
121.04947
131.8344
122.11471
126.71594
139.96759
150.9322
127.50729
164.83208
137.30516
137.34436
114.08938
135.53825
129.66978
130.25995
135.44733
120.47477
161.09912
87.06738
158.60559
125.86754
92.72145
161.72057
123.4666
126.040924
140.2894
146.58556
140.26167
229.82559
109.29556
128.8105
289.11542
133.96869
133.29597
240.09637
196.64508
230.32416
228.40411
227.48087
214.12976
192.5641
222.74345
260.46622
197.82405
244.90555
247.51477
165.64473
263.51248
158.96033
124.39191
175.1846
210.56345
204.38385
211.11415
247.44807
213.01112
188.74603
153.2824
225.8173
257.1575
204.61446
211.44914
208.505
213.54416
117.749084
135.36435
180.91019
105.4402
139.74184
116.86531
128.57088
165.53325
105.76232
124.33762
151.24931
118.009796
119.856804
101.83391
117.873955
227.42706
121.94197
130.72176
152.49385
173.7728
151.4286
151.35832
216.48663
247.52225
153.07942
163.90694
141.05334
86.67694
167.4514
248.38695
155.3431
214.75789
158.52963
198.97725
161.93832
151.56776
174.41927
268.62582
192.7074
191.86145
143.45064
162.75293
148.41492
170.22044
212.04488
140.29376
185.8186
143.33159
115.222176
155.37575
114.57547
135.14888
192.3155
141.3122
148.02757
177.40417
137.29665
110.04887
153.62927
137.66168
171.89102
123.130356
162.85822
141.02069
141.3445
157.6315
195.72388
148.80452
133.10168
171.46591
193.32976
192.33102
155.50578
142.80728
180.74577
135.79283
123.451775
179.25795
72.842995
