93.669205
56.62899
25.197414
21.868595
84.43364
21.517897
97.67386
75.10632
52.287006
62.49154
156.71234
96.903175
124.2408
122.8623
95.443184
90.07681
124.369675
102.072685
58.60748
95.95317
129.23592
119.30838
87.59804
125.99801
86.786
157.29292
90.60977
129.04729
47.48539
81.73272
91.7308
119.057274
152.92317
113.4236
83.13175
82.04132
145.2053
66.70486
60.584682
107.23652
119.825325
133.58113
70.77911
67.93752
74.264114
91.62034
68.8547
98.523254
97.993805
60.03576
99.98139
67.543915
80.16431
95.04733
130.32303
139.66217
116.56882
93.96644
117.13046
118.72173
87.11517
116.931656
68.38918
96.057976
73.021484
90.33084
81.609695
101.29834
128.34967
136.67741
111.91826
70.61794
103.89152
95.9767
123.239525
115.5901
100.27333
144.70952
97.55332
82.34638
99.27728
68.09053
62.70233
59.330776
79.54558
99.377304
93.84711
105.60495
92.72963
132.7544
65.972046
106.94831
116.3428
129.92787
100.10288
89.95374
73.80985
51.95256
61.349117
83.64482
77.66282
84.58077
67.2627
97.98352
94.8208
62.648254
92.364044
83.984
79.43833
78.57244
83.37743
77.453285
86.393135
44.255722
91.81927
63.730595
76.14422
93.988495
58.919987
63.465664
59.846004
51.57624
44.05933
55.642994
36.12991
33.850464
90.98876
64.14205
113.0544
107.789604
69.06853
64.09742
54.912582
83.88292
76.11409
52.01501
96.795555
91.97872
44.69908
86.91385
92.43514
83.00328
85.35353
88.4487
140.26276
70.424126
112.41849
87.30048
91.39564
63.193848
116.293175
74.365875
95.79053
87.63208
68.956276
80.90455
80.31408
101.757835
90.28731
71.78269
209.18958
342.86923
416.74783
275.70926
78.38037
101.03033
110.95837
105.53553
93.75716
86.90283
92.21078
102.754135
77.06897
106.931625
87.177765
67.49133
83.80435
119.594444
110.95785
95.218994
95.43565
63.353363
97.216095
67.559814
82.11397
78.52568
58.893906
74.87349
53.457363
95.58334
90.922874
64.59624
87.847115
51.063187
100.939186
97.04623
87.85685
72.73738
109.15691
97.76472
75.12811
71.52326
82.35539
90.63435
72.82156
133.31352
93.53163
83.94868
83.29271
51.04451
57.205666
61.73537
103.452805
77.90581
94.55839
43.061928
81.263275
122.936386
107.097084
65.94299
67.7477
76.41499
60.984497
75.55294
62.65198
38.86262
68.61574
39.644722
77.67157
89.4819
82.018776
78.4799
74.252
104.41869
83.88348
78.17195
68.540146
96.74534
69.61734
81.60726
28.370293
51.926346
39.904194
56.453815
87.09978
54.641254
68.76068
75.4553
70.537865
95.70379
84.39848
83.93049
72.054955
82.987465
24.412298
52.535862
88.58695
49.726185
104.55115
98.73215
92.369316
73.01891
78.19869
80.41077
102.31583
88.95311
112.6347
122.65933
112.686005
85.37622
103.3734
89.13475
91.97796
30.164217
80.51861
137.30144
168.06717
216.7958
68.23714
75.30537
58.829483
68.9754
67.738914
80.88208
81.32523
66.88638
77.28156
57.462734
81.62914
76.293755
125.411705
143.07726
379.66824
137.78516
94.26229
50.46128
49.21727
31.64237
118.99875
117.369354
63.905415
88.17401
92.42577
70.98455
78.27724
84.70434
87.88155
68.08072
38.504143
139.42851
99.14067
98.21379
80.33196
42.616985
57.863884
133.61664
90.076904
68.56746
73.45054
69.06372
82.13165
92.937485
39.113667
64.55514
74.086975
88.70471
65.43522
49.14112
87.79412
104.68558
81.12091
150.69087
128.72621
88.045685
86.64217
72.74475
81.79693
52.904278
96.90061
98.69137
66.90345
78.44547
104.981674
96.514656
108.53167
81.53169
87.6133
93.66634
83.15915
78.82965
72.61906
77.51344
62.210407
69.226395
138.2098
95.29735
118.85544
72.78091
84.00247
78.03092
67.40989
95.400444
93.52601
126.01392
70.10547
81.16395
103.694466
92.64416
106.10219
75.598595
93.10086
120.788376
88.489685
99.26191
97.31664
89.946754
91.66008
93.42148
109.296425
78.46083
100.93291
124.23028
96.73889
75.6094
91.871605
74.15786
78.522064
76.86414
101.713135
95.3475
79.846634
86.26193
88.6292
106.15844
61.816933
81.84052
96.259674
87.04303
116.4959
72.10859
88.026794
89.95988
93.191185
88.58229
98.89647
90.69134
101.82376
92.09069
96.429886
116.70388
87.737946
52.152237
74.231575
106.41425
80.94126
59.880383
82.876114
46.267155
84.982506
85.55747
83.83844
131.09053
111.75756
110.191505
101.24802
66.15726
81.35342
126.26221
131.1202
89.94892
97.62967
74.635124
68.16442
71.985374
64.59387
97.717865
83.90885
115.17886
115.61374
93.73308
89.663826
85.23345
96.40951
116.170685
96.08049
116.620445
89.8245
58.77283
70.223404
60.268875
104.87208
64.01706
95.00361
77.424286
115.85588
89.1681
85.65441
90.21656
86.06836
76.27381
32.300285
88.345505
74.17825
62.56754
38.013004
74.844574
118.89422
69.5762
83.09898
124.81389
116.451126
145.34288
75.99918
75.780685
98.25369
162.82214
162.31674
82.028824
58.129604
48.12824
47.924934
35.053566
80.075134
52.71871
70.281815
111.97269
82.45582
71.08618
87.049095
87.39364
113.36326
84.97826
174.0177
99.850815
51.018356
61.77345
11.244168
36.826965
48.350967
54.089176
57.653954
134.43579
75.22556
79.71337
28.615505
56.6029
76.577385
72.94337
68.61778
68.58999
48.55607
6.023704
90.18284
76.78834
111.65011
68.20415
84.28412
168.48438
144.72379
241.69751
157.33186
111.03589
123.59565
110.282394
112.00888
138.31516
152.18155
109.18191
97.66309
73.921425
92.07407
71.73458
102.5186
147.42122
130.93617
172.21233
194.18034
177.1562
81.495445
85.91421
116.48966
86.81551
113.51443
68.20464
83.09947
81.41093
95.64359
58.690968
60.995594
45.12092
117.37821
107.829796
90.42141
79.646484
108.312996
123.64666
124.48404
115.706436
125.17112
94.713066
133.25175
66.9442
60.997253
89.93396
88.515976
74.094635
90.69155
74.99886
84.33525
81.47672
49.78477
63.99849
67.90266
76.05636
84.885544
100.999535
142.6352
72.080826
96.68772
155.52148
196.06763
105.2623
71.39273
98.65472
72.85251
87.29748
72.374115
92.13585
100.85856
112.90329
111.90865
108.68292
100.3629
85.7555
136.32645
104.7621
113.72351
86.4861
91.44101
65.91804
54.0636
99.432846
70.549866
92.804726
104.601036
71.59873
93.28192
144.25952
65.13959
76.09326
93.67614
52.963043
72.55059
103.07594
81.313385
82.62451
100.80353
115.659424
90.74231
81.61203
83.79972
150.55751
118.19385
71.30544
108.4127
77.540825
63.829414
59.52457
77.48374
84.22697
73.6046
126.15071
72.41583
85.87719
93.06991
100.73042
74.46743
172.8813
115.435356
84.10798
114.85646
79.949066
91.11241
80.14054
71.44842
97.372345
144.0227
131.58069
97.12599
69.759865
52.619568
104.72478
137.96696
104.6112
122.47625
72.86879
127.54799
84.82228
100.68996
104.23429
119.37087
132.4183
103.36522
95.99798
81.38669
150.8263
92.15714
74.85561
40.909317
88.66913
80.172
65.16588
163.29732
127.755905
65.795044
92.340965
104.137
78.38282
102.109886
99.43787
82.71272
68.12147
114.65683
111.63466
96.28589
94.68479
81.52062
67.94075
127.08996
125.1708
113.54651
68.11704
123.7186
105.52856
92.84458
110.45995
141.5208
104.41367
99.380974
118.33809
148.35304
97.01475
86.231125
89.973045
169.3261
128.32777
59.275932
98.65285
109.85644
65.811356
101.3986
38.563114
119.38636
75.09598
92.96736
135.70242
162.77678
88.141014
69.083145
88.4473
109.795135
137.42517
117.057945
83.66925
80.44036
108.96875
75.32196
108.784546
65.717155
112.84805
100.03324
190.1467
182.32404
84.14206
56.24486
71.57125
120.39473
97.27065
125.16624
51.468674
51.914097
75.12664
79.763664
80.73662
40.26516
33.731747
64.96087
253.21407
153.05544
70.34531
62.01315
69.09651
93.56872
67.75132
85.784454
89.33834
64.54782
82.95923
91.462234
37.237553
94.83683
126.9213
201.05084
370.8564
156.04211
79.245026
60.41194
57.607647
107.777435
94.45496
67.135345
99.09132
92.886444
128.01154
90.947525
103.79938
82.73039
97.65634
84.59339
95.18327
144.6915
100.322495
92.8623
77.012115
125.35516
40.14826
85.69199
75.57861
113.281395
89.28103
88.69678
117.2698
80.922455
115.91986
91.12927
89.83202
99.56951
78.31439
84.9498
67.98417
95.44453
129.93544
61.62925
99.59505
65.61744
109.69754
134.08841
78.397
77.388504
71.21513
136.14633
59.267838
102.9908
123.10474
78.57437
150.36017
75.87445
76.89879
58.51118
98.81519
74.69721
82.717476
116.094215
103.01088
70.302956
51.643032
53.972458
105.77276
78.67982
85.98528
94.92882
121.797905
134.24239
82.5607
91.253235
84.31716
112.35799
56.897713
102.71165
123.682816
144.97679
84.80025
71.9508
115.12416
94.22386
174.31004
118.66553
132.20055
124.2801
81.90188
90.94678
83.06016
87.934395
105.08435
89.25423
70.33537
97.88538
88.88319
96.43663
90.79318
110.76506
109.10996
50.767845
115.50126
98.66593
72.86515
63.55484
78.26985
75.41342
84.283676
110.703896
128.39183
100.724655
75.72595
125.437096
75.47222
137.2348
121.84731
94.29897
122.59499
55.38917
73.99704
74.09264
54.751076
87.30437
180.4844
230.12627
107.96939
52.989906
84.348755
56.35513
127.83988
131.71104
83.64876
83.321335
92.02964
76.95738
78.011116
58.799404
69.103615
155.27962
311.24084
216.43285
118.27278
92.4872
95.41619
103.16693
110.701645
78.25626
100.53112
157.00757
87.49676
111.37925
79.68105
70.57391
80.703476
133.54533
180.29616
135.32037
81.436844
95.26844
80.19266
66.71545
118.78767
138.19356
99.57098
102.73633
88.76961
57.253242
92.933105
76.84221
142.92007
201.60643
165.55652
198.22995
183.71756
106.58988
81.37856
98.8407
122.31812
94.302124
120.040146
133.09021
92.74256
90.745316
44.505096
111.62399
82.36172
126.75595
96.13021
103.274734
54.12375
159.70456
77.61262
111.07687
135.86566
123.38699
178.41756
82.82035
112.212746
84.95412
46.732006
106.16871
101.88423
98.17572
90.64905
55.921917
68.84111
86.81362
75.10681
106.662254
101.35401
95.172554
44.46253
99.752365
58.203465
59.100075
33.822132
85.57618
81.26286
88.15803
79.76808
108.34463
66.6966
99.99019
66.63201
43.54041
70.90322
54.25133
81.55493
67.09646
44.343002
17.568462
57.826748
78.50063
75.77175
80.46116
83.475235
50.87045
54.797443
109.27574
71.019264
32.28623
73.210655
128.98253
54.857174
54.881767
33.442596
61.471035
11.390642
104.122
81.72538
105.57965
73.663086
59.70897
24.79906
53.87077
70.63995
62.81349
16.332134
102.11468
27.705767
25.613636
28.430319
113.16494
104.467926
49.96157
92.83362
114.72513
105.50971
120.475975
88.05479
120.6579
113.83729
89.528984
122.60432
124.83372
119.552666
142.49939
102.327545
127.10948
97.20589
89.719376
82.527596
82.81532
39.19447
101.60302
112.93789
148.85027
126.81359
61.090782
120.54626
74.06687
110.05713
61.37087
63.181427
122.31466
42.441975
94.9268
100.69589
124.74853
107.71763
95.43747
86.47052
81.5054
96.03681
111.53932
139.8993
82.88106
100.02287
87.69064
78.59574
113.63353
72.58001
112.24815
109.3219
82.420006
80.92573
154.6033
87.45889
94.06491
101.89551
88.81693
125.311104
65.13173
127.57268
94.65925
108.4746
83.07632
74.18182
105.77938
71.365845
113.15382
54.73517
51.450073
92.872086
77.87155
100.35572
79.87456
69.04049
59.32187
74.67469
88.88236
55.661434
88.52732
53.95849
86.43635
75.232155
94.95019
97.54445
70.13024
58.40566
75.075775
43.741867
70.56337
96.1884
90.00634
78.21136
110.45627
69.26643
84.43582
66.9194
92.90759
51.807415
74.144424
98.44852
66.34322
84.676895
81.00071
75.392395
120.5213
70.32271
77.30201
93.99669
110.45376
38.994003
118.597435
93.05532
97.913895
75.86975
66.958855
63.652058
99.693474
55.98811
51.58841
96.26971
55.867317
125.57667
59.143852
54.126698
102.31006
103.916306
94.01912
33.705006
66.560135
44.27982
85.35259
49.595936
83.99356
58.828644
70.46076
81.89422
78.01867
134.74254
80.971825
85.92853
45.72997
87.26632
80.95052
87.15832
57.91115
76.86187
59.606216
70.7955
133.02335
90.80476
93.12842
59.279366
111.632126
60.660664
66.61155
150.94638
142.1067
138.5321
69.09386
82.13457
64.70016
69.894516
70.21305
99.31177
56.86607
130.53448
151.76787
106.143364
79.45101
111.80265
52.239178
78.68659
166.00449
124.08873
107.15382
98.757835
118.79511
101.30662
95.34831
69.126755
131.55475
66.86955
115.26861
109.244965
116.50321
114.11773
123.58867
92.25164
114.84256
66.0844
114.41372
100.71035
96.00006
96.075165
94.19703
109.21777
93.016846
119.01549
108.895134
95.01928
127.94965
125.30958
113.63125
134.76645
115.97447
56.566536
70.82664
65.52888
72.87452
83.8009
77.8045
106.73801
121.92922
88.604324
51.270756
54.988346
48.300133
60.300236
89.77871
97.40324
54.350235
62.433243
103.510704
64.02967
55.360115
67.7035
104.33689
90.01319
67.455864
117.08341
63.53077
66.943855
53.71277
59.409744
53.70536
29.645794
44.076984
28.812714
76.33186
51.54252
62.56019
65.65418
46.46537
39.849804
32.31832
105.54123
35.435898
58.4549
74.26722
77.01738
99.4699
54.27788
30.091616
48.885784
105.56283
91.29167
94.266464
87.97783
90.51411
139.66759
83.17124
114.261566
148.00409
80.93088
140.92917
125.909775
154.12752
130.3034
125.345
135.78479
113.40264
123.86806
85.82241
84.44627
74.912445
55.193302
98.96507
113.233086
85.47446
64.99413
80.09516
54.76098
83.31259
83.07653
83.91523
85.861855
142.17165
59.808624
60.820713
70.76069
46.343613
65.61933
83.17781
64.57775
44.293518
89.42504
78.31501
34.442764
64.705025
68.73499
78.126305
38.55242
122.536896
105.96504
80.45146
87.2828
108.09026
99.53357
116.52555
94.22708
100.18817
51.577763
135.37418
96.09442
108.260826
137.6999
117.02017
172.8127
57.48536
107.04862
116.87678
94.25564
127.835846
111.1963
127.19423
118.76866
129.34532
73.099396
135.41112
113.595665
126.68064
121.68805
187.43433
151.51794
192.04138
101.78837
95.431465
116.73257
93.38386
89.688965
118.200424
112.870476
140.83214
99.999016
109.583176
129.68645
142.239
106.27524
242.5328
148.20448
110.43604
94.07888
114.741425
97.803764
95.945755
84.277054
94.73864
97.88447
118.13689
90.803345
125.3511
123.312485
134.488
174.11276
134.69228
127.561646
126.95545
112.08798
62.37562
55.874218
125.578735
80.41451
68.51672
87.56518
96.09014
98.33737
98.784706
170.7418
117.63353
193.1805
129.17169
120.75833
98.395004
92.81317
92.76669
106.73169
101.03764
133.14331
114.82897
114.50086
103.65776
103.47757
150.42148
334.94586
212.57625
179.01122
198.80159
110.77252
102.45756
89.160225
89.465866
122.13313
110.02355
117.000656
106.96793
116.02882
136.44574
99.37215
96.50294
131.2061
113.99324
141.67154
136.48523
159.88744
116.31491
91.80916
96.247406
84.604004
93.10979
162.12395
110.31028
131.66396
94.05852
54.83525
67.48447
104.77024
86.4008
116.75087
89.95158
89.84333
141.51431
122.95758
87.43031
98.90995
89.74675
69.13646
121.52
124.47561
111.27079
83.33867
108.976524
91.50136
128.38168
116.13853
97.4952
80.84371
178.58365
135.24117
104.76488
88.55425
137.70561
96.02995
120.695404
137.96057
119.35613
119.92275
80.358055
121.07928
106.77038
143.37709
106.149376
117.43061
118.16334
123.62537
95.73664
123.265076
126.229004
113.71116
137.46375
114.57495
137.96552
168.19571
119.00226
137.61986
107.933784
80.445915
96.6375
77.44112
92.97893
61.217674
61.3897
112.37574
103.87021
93.648605
124.191284
96.1023
58.19416
90.10668
120.05705
140.13535
100.88066
73.62254
42.58712
61.65762
57.944374
65.0262
82.290825
71.540985
122.83321
66.66339
75.1649
131.57057
66.846565
68.00529
72.34114
115.512955
95.87357
44.168125
86.52978
29.233126
62.73383
8.541224
25.13613
37.563858
22.33809
15.50755
63.631718
45.38068
58.442802
80.94588
29.142883
56.822403
90.143776
63.267235
42.284153
55.82217
27.400448
53.59636
59.800858
63.01253
16.192978
76.360344
37.87973
79.234406
50.998028
87.764114
58.581863
37.61951
42.00468
70.22402
96.56098
41.592663
40.85351
47.437958
52.11636
56.506485
57.106327
47.607628
65.57027
82.10206
34.38412
64.09921
58.65653
52.390877
45.714333
64.69986
10.373526
39.597767
74.2338
67.04
64.89368
57.551914
92.81099
61.315228
89.59117
76.45089
64.115364
45.63205
27.453766
53.738285
41.29525
46.280132
61.99584
48.500866
48.938114
53.431973
79.069916
52.75679
56.023518
61.733845
63.023407
43.547443
72.3321
66.434456
46.0347
31.592598
68.3815
84.58966
41.36406
85.17658
26.146055
29.322416
66.8297
64.67443
88.54885
68.89997
80.32618
65.29409
49.51189
51.202896
61.99254
42.42287
57.006237
57.073875
72.64301
59.76139
126.151054
83.64841
90.185005
64.65977
75.15297
84.85318
79.05145
32.510223
42.41626
42.8314
71.08877
88.1589
74.52728
115.24042
57.707455
46.98371
108.93053
74.68159
52.654293
39.446064
8.660517
31.330278
23.084948
11.207405
32.149254
41.752716
92.05179
52.34036
71.69782
51.867695
33.90798
78.15837
67.48337
44.029987
40.505207
90.05536
68.001785
59.855145
51.351814
20.84659
30.13733
21.024467
22.076399
60.059586
95.46534
51.976887
69.43646
45.74558
96.78477
70.944466
68.1288
129.1235
46.83179
94.34446
100.37926
106.27473
104.02265
103.47956
113.730675
110.3098
85.12127
55.462135
30.833984
49.873417
70.214035
83.30456
38.615692
58.172333
67.35678
59.623455
65.93416
59.847206
65.67041
63.322727
62.729237
86.07499
60.337658
47.112904
68.17116
48.19176
49.032146
64.69327
70.82843
64.6613
62.200108
102.08457
70.32073
96.6012
114.399216
90.84565
41.292225
84.53227
39.97645
54.396694
51.518135
58.538277
93.07919
64.17801
88.76709
73.99931
49.436794
121.29332
61.21634
79.240486
115.77736
112.168816
120.76036
73.88149
74.78193
96.82526
48.41693
47.043156
92.13476
65.15167
69.666595
38.74095
39.34088
74.37352
85.045364
98.11597
96.30146
81.00646
48.999744
55.514904
44.186592
30.186163
69.99659
54.323997
64.36211
50.043182
62.88349
40.892044
85.02574
85.52662
87.59461
95.43173
77.02871
86.40893
112.51174
49.18811
71.215225
22.434278
56.511017
47.26098
44.01579
54.55674
59.795414
56.359795
68.68304
65.85245
53.251335
61.940323
22.416914
75.87638
44.36794
58.055153
36.0266
52.494904
51.649937
44.011673
132.56863
111.26666
85.19788
71.71267
145.12105
110.72786
81.494064
98.75516
117.11677
94.99986
86.87128
114.11973
131.36076
116.66181
136.29324
116.49712
129.07378
175.87549
98.00169
88.69539
63.163425
67.02796
59.51405
87.1354
64.92477
91.899254
95.52235
101.45024
67.36399
106.77937
90.89542
77.92596
106.954285
115.24745
103.08394
95.48028
79.0131
46.652653
32.078194
83.28712
80.76529
78.84465
112.70425
116.35161
58.298275
91.04114
94.91355
87.32772
89.58693
24.571428
125.739845
77.244576
72.97249
66.76508
86.126854
58.26471
51.583736
104.945404
71.635284
82.03205
103.86251
151.09094
81.057526
94.32164
87.9991
83.60331
91.51222
77.6662
79.95386
88.88716
80.03255
73.0617
64.41927
60.133476
79.75646
83.46435
58.02789
99.80431
70.46397
81.30292
109.94649
88.676186
79.44587
69.79321
72.75716
53.437473
73.48401
50.87607
81.10767
79.5675
74.44379
105.0432
69.44418
66.612076
141.28659
130.46187
102.03293
64.959496
70.47193
98.870544
86.96844
94.95694
91.10123
65.36428
88.33232
67.45896
74.01113
99.46974
96.27278
148.75876
94.04314
79.476234
133.51039
71.6047
81.738884
74.80409
49.87783
80.22623
61.91908
85.869965
86.67987
77.07985
42.179066
110.41325
79.52
113.83658
92.811295
83.426414
74.417114
81.6606
76.344154
76.16761
96.50201
97.6683
71.67932
86.39207
73.85582
99.7731
103.30547
118.855316
102.06738
88.52703
113.18749
109.7466
105.216896
47.74301
100.41198
64.054016
73.9469
69.834564
92.75618
76.81262
107.27819
90.05832
60.86721
122.07762
93.262695
84.791626
100.86045
56.426857
82.06561
44.52345
57.35123
60.789524
50.120247
103.12614
61.50475
65.36392
93.05653
88.3988
49.185844
79.02976
82.010155
98.23168
77.35028
95.72414
101.54858
78.15934
64.89659
73.16903
57.008476
80.632965
101.46359
73.12329
85.49252
70.3168
75.25111
140.25519
62.75195
87.37016
77.83376
103.75055
66.78212
89.75927
53.346313
77.21931
73.94034
91.7639
114.94141
104.94523
114.18649
102.55299
81.85453
109.71676
81.48723
84.479004
34.204334
61.405926
76.81613
89.24572
80.082756
60.286633
89.331505
48.87442
97.52942
102.713715
76.9493
93.49655
83.26026
87.474335
94.09545
84.46537
66.510345
93.53455
52.2123
50.96473
81.533325
57.060097
82.28626
90.01259
57.835682
81.064
95.43144
73.72188
86.74812
94.3325
60.08242
64.795586
31.51067
24.333988
53.23243
50.107666
76.332954
57.08473
32.44068
50.06521
54.726517
63.83277
70.69429
41.794586
60.220066
47.395294
71.42634
48.054554
77.21457
59.648838
65.84788
44.246983
77.013695
78.75718
85.819565
64.955086
79.34664
74.082504
84.350555
92.02639
101.02475
121.38562
110.84616
116.373184
63.292458
109.859024
60.643967
52.077892
62.59626
87.537476
59.26467
97.24758
81.56696
91.78905
97.68001
89.792015
55.29821
98.004524
72.70692
86.86706
67.48529
41.890617
96.25022
46.973328
113.399956
85.231415
83.01848
75.13091
59.20692
87.28131
48.948193
82.722916
94.41127
116.10145
87.502144
88.48703
72.59639
51.98298
88.40647
47.022213
97.70067
117.92604
54.858727
84.723976
104.40324
105.454735
55.585655
93.58718
77.843864
97.96406
100.20673
112.0036
66.92697
84.704445
99.85107
74.1908
133.99039
104.5952
123.760925
131.34364
86.69644
43.476147
88.680115
95.25069
81.46344
93.266075
70.8434
98.810646
97.346855
103.8271
109.05853
94.065575
107.3695
134.3032
67.73638
58.1886
73.78976
106.38945
91.491875
58.121273
116.37072
99.68647
154.95923
173.78847
144.69531
83.24025
85.067604
67.89132
89.617905
121.221436
141.84543
108.41378
104.62477
74.054756
55.921272
92.40364
106.032845
120.775764
133.09906
272.73376
153.84573
111.14189
73.24184
98.4951
72.213745
205.45259
242.22716
147.98502
91.4561
100.13723
119.152176
58.37917
69.11199
94.187256
101.17892
197.39012
106.16935
87.55377
197.63255
77.01775
86.989944
352.07672
566.63995
517.3904
155.92851
112.343124
170.40417
81.48281
72.97701
67.2966
90.965866
58.018497
101.0814
104.47498
117.75719
74.33873
134.12337
215.06584
522.56915
473.71085
179.11494
99.70743
75.84336
71.580154
70.88721
91.63068
105.72094
103.50844
100.28593
87.001274
114.703415
74.669945
215.52019
373.28802
415.91318
340.9581
172.47011
115.704956
80.33428
100.068
84.96698
90.50752
82.52717
122.73279
47.50962
65.73324
103.38261
107.076706
243.98523
289.87817
190.56006
301.939
285.9087
87.873314
112.19535
65.979576
111.326126
112.6707
143.7854
165.80438
196.775
96.33533
83.76656
82.736855
199.47604
194.01396
364.11273
448.80527
192.41249
113.13351
99.862434
93.82936
67.56036
69.486244
112.376854
152.93462
115.58918
96.2847
61.070595
64.96557
130.6929
172.38199
301.55826
350.0614
203.41795
160.12413
121.89482
111.26159
102.5658
81.714645
60.482258
70.2648
83.35731
75.068275
57.375416
72.622
25.912647
68.839035
129.69127
116.13148
52.81096
125.41885
92.4961
89.19185
57.681538
65.80749
106.7354
65.63853
47.73684
46.205456
62.30383
42.672565
93.28666
69.30093
59.41264
66.83228
62.799885
65.33062
65.47334
51.672024
74.04101
47.629677
28.57426
27.25879
53.722885
54.360588
114.94351
97.68036
77.34207
87.03484
102.41923
84.061195
53.11325
127.45143
127.014496
113.430504
78.30285
111.726585
114.713455
147.91147
114.29882
136.15866
90.368546
154.3593
137.3757
115.279396
102.86956
89.726105
62.10674
115.25039
74.09511
98.76658
83.760544
111.9607
85.553825
111.82609
109.07961
110.12602
137.42834
148.30312
267.98157
171.88065
84.59044
84.26311
100.87686
73.01854
42.14306
48.847218
47.02012
70.75227
91.60459
114.83615
143.28444
64.574715
109.958305
76.34276
81.96559
80.49174
92.49501
59.023457
72.59606
56.75717
78.13205
59.895847
62.272686
116.64727
71.435394
89.05958
98.78907
66.47906
68.77108
72.695435
105.852715
61.35678
88.81416
61.645496
58.666553
88.27002
66.815094
106.58902
70.49186
116.315315
71.16939
105.720436
67.78716
88.18913
71.67865
108.18505
109.888985
99.2994
82.74272
75.94859
84.19483
83.48304
73.17853
89.48378
72.609024
141.7079
70.468185
78.43899
85.056854
69.94489
110.07928
100.9201
113.889915
77.49675
80.35932
64.95945
81.070045
96.67435
66.20274
77.889046
79.58926
54.056667
59.35073
104.78249
87.61821
113.176476
124.14457
78.453285
303.69
48.69998
91.54479
73.328606
77.11334
81.535355
80.47434
52.912373
70.365295
59.606075
65.69652
61.956696
98.95663
97.9427
107.72307
86.93558
73.8213
57.952366
64.91558
76.06737
64.333565
26.906279
122.15812
69.073235
86.22735
65.477196
101.36868
51.55951
83.29047
76.979294
75.00205
97.72762
94.9461
103.255615
95.24296
146.22342
96.722404
64.73421
82.20098
69.427666
64.37926
113.39946
85.758484
78.47594
109.165985
90.92112
49.527985
63.901466
59.04591
110.05747
119.87205
123.93915
60.223568
61.57359
76.88589
65.598465
75.263756
121.32869
67.43881
91.124664
51.520565
126.20675
60.070576
66.642975
92.093414
126.64226
117.87227
146.58461
150.21162
59.97042
125.26374
114.871544
93.21899
110.57524
110.3964
103.40712
79.3503
83.47559
37.016663
62.69304
70.378975
62.453743
137.47145
116.1947
84.14657
130.08405
268.11847
196.17477
59.991726
75.888855
97.430305
98.45301
68.8556
121.57236
73.83495
28.61748
51.646004
74.20977
110.14539
124.6043
112.47391
106.1232
242.02722
137.16208
99.958954
81.09243
90.44436
76.48154
54.552216
87.55903
85.34172
66.9605
68.16401
72.47474
108.877594
99.04358
124.54331
84.35895
63.733982
60.478256
72.54255
89.02232
65.48505
85.03554
57.3761
49.516293
103.15248
103.30053
62.72359
38.37572
72.20914
147.98248
91.89311
88.9397
57.262024
58.326344
31.481161
30.045963
59.31427
36.475967
42.90436
33.861893
124.23263
105.04603
97.44918
80.21422
100.72263
75.15696
88.542336
95.132935
110.14438
129.91779
128.37694
127.8954
133.08617
91.23286
126.42652
148.26695
110.3231
139.45108
52.066418
72.6786
86.09695
70.225105
82.018196
92.85606
79.747185
81.569824
94.84068
91.19903
75.7424
90.10308
94.5466
105.50844
72.88381
92.56385
95.32535
118.595924
87.00939
109.78767
77.79376
99.024666
76.38639
58.4624
65.03097
78.95111
106.2418
143.80019
95.186356
116.00696
117.49701
108.89545
96.23733
109.16058
91.77311
73.02318
99.57113
112.80831
58.773266
123.16635
111.7375
106.84369
84.18881
84.13477
112.5095
78.25754
125.090385
93.469505
107.406395
92.57969
100.1276
125.58019
76.99721
130.00748
110.15701
74.20991
84.16942
94.1083
50.819687
110.03434
79.17533
141.07057
116.84266
101.37967
93.957985
71.45756
71.46033
48.194824
57.085297
71.85062
68.6335
101.50094
62.300182
104.13897
100.82472
126.012054
84.30233
88.34217
107.9346
96.266655
92.7377
60.858818
88.72003
96.5604
67.17521
73.82714
109.03574
95.79209
110.48249
107.43524
87.0755
138.22948
98.23801
79.575935
131.61934
69.25445
66.92782
58.99343
66.29219
52.320763
74.99668
65.88837
98.17128
101.56545
115.999985
102.836876
87.34494
86.18866
103.513054
84.041306
112.993355
22.340788
63.11766
63.244896
98.2942
88.9
95.62763
95.29763
95.47153
99.880936
64.31757
87.450134
93.36131
80.970436
104.57979
88.15034
135.42218
76.50838
61.47471
70.56418
84.742134
55.38164
84.21783
81.83529
93.47937
84.81294
91.80857
100.37998
78.93196
93.539345
77.316734
88.81425
66.99104
57.068325
79.75779
103.88993
37.452297
68.98026
109.02568
70.99155
72.37288
85.17692
76.32862
109.43904
67.26075
67.89862
77.39715
62.55961
127.81484
90.63417
60.603676
89.51873
90.28006
66.028725
106.84499
89.36186
89.25341
75.32901
55.85157
76.0176
106.13732
88.06429
78.40116
122.8948
226.57666
181.39995
76.8917
91.120995
53.98243
51.424404
33.52422
74.49681
77.537094
38.05659
66.31919
133.99828
207.32732
76.22738
63.016975
87.9436
257.41254
221.72026
91.45642
80.983025
80.42733
79.67806
39.7529
70.24153
98.15352
71.04745
115.669556
106.55583
258.64978
76.63643
52.407986
43.74462
249.29582
220.04037
84.733826
46.869022
61.544003
50.64047
52.28218
81.927574
89.43944
79.71762
75.499535
103.769394
77.05645
47.08648
95.44117
61.696697
128.95815
127.25138
70.48929
61.86612
53.739323
83.411064
64.45505
36.98799
65.765
77.38053
78.05974
45.946938
78.22396
31.494253
59.219032
47.320225
45.338917
22.503416
29.03699
109.32418
85.9338
58.94138
70.83918
70.76938
96.40982
48.366997
75.59302
92.62193
110.585594
98.1624
95.1138
100.1258
83.97725
77.05327
96.55311
62.947353
90.56446
63.074005
56.898598
68.852615
101.00903
57.999096
81.31633
67.874306
74.23204
96.71638
74.17128
62.82512
91.39509
76.259224
55.645416
81.75405
89.17778
79.98324
102.243706
116.003876
91.0564
43.53239
16.364906
48.040092
86.88728
103.350494
86.61416
60.279736
99.987206
76.257515
67.17015
49.44142
105.60357
51.16323
75.42354
81.60345
39.182865
140.3219
73.66976
146.7344
112.89133
45.444145
91.11935
68.40685
99.06499
58.215515
86.47347
69.40301
85.58435
80.7905
90.01285
55.88712
87.91975
69.08851
68.71075
106.850845
106.41615
81.46906
110.62977
68.662766
76.38538
56.169823
89.54334
63.921036
69.85094
120.81568
103.20006
88.413506
85.92567
84.7565
77.430084
111.51152
110.63246
82.0762
102.901535
104.890205
126.951744
70.165504
63.308083
79.62886
111.35612
93.30137
97.02146
100.02899
78.90343
70.29282
71.38719
81.9095
84.22836
90.490486
94.46831
94.638336
97.74409
59.533142
68.224106
87.89028
77.72008
99.2423
72.15288
73.71381
55.92038
52.741043
61.054493
69.71829
60.010777
71.36553
105.58483
67.58073
99.41193
57.45199
42.794846
82.31363
67.304794
70.45618
87.16717
74.089195
57.3138
74.96626
65.456314
69.669525
73.98583
72.33756
92.90917
107.993576
90.87593
65.33074
119.8779
55.498577
101.08333
78.30158
93.48891
61.70927
100.89238
84.23196
100.7144
98.48651
89.49911
66.951355
93.71378
74.54376
102.07144
94.5113
96.35738
76.465294
82.85571
131.17545
75.10964
63.36632
64.392204
66.31239
67.023895
73.27587
89.02108
76.10593
127.43558
73.35569
135.13956
142.67682
125.896675
111.79223
78.32798
105.47141
75.192245
115.86969
118.81479
87.13513
133.21738
126.64616
59.64457
138.9409
122.8927
122.96319
106.78079
117.017296
94.31991
58.136562
70.7377
108.05021
117.13873
78.47459
85.27716
94.89332
110.33302
103.69459
118.68802
93.34617
103.129745
62.085735
104.11437
54.976727
92.2016
67.66236
94.66332
52.42799
167.81645
117.36492
91.386314
77.904076
55.3558
114.21274
104.96428
113.82982
51.420578
36.642822
106.08614
86.46856
85.57594
62.083252
126.19862
114.989204
61.805
244.86931
90.20193
62.64296
80.98846
79.450096
93.75379
58.561638
55.36603
45.880264
68.52043
35.30435
60.968784
63.653015
118.43333
179.57187
131.41714
52.391438
38.529446
74.72607
47.46528
40.50282
64.29816
82.60625
11.234056
47.037586
100.24972
127.12637
221.09973
78.8248
126.7708
155.0252
140.62726
136.7871
155.03824
123.738365
150.39162
134.05983
181.59117
123.212296
153.64334
83.13518
158.67424
181.60037
248.55103
195.89406
119.60543
124.77409
107.132576
103.19259
125.89573
100.34565
124.837425
103.34712
100.82707
128.77507
80.32321
93.67485
122.0501
104.60974
122.036285
103.20292
97.721016
166.34752
105.598785
91.964966
110.077965
80.96624
113.37779
123.22281
132.92278
97.4701
140.40598
189.43768
195.56366
118.201965
142.49211
242.01976
158.5231
101.47884
196.49872
204.55788
103.54747
154.3093
174.18764
166.41139
138.46477
168.95099
130.17752
98.887886
150.16547
70.215294
104.869354
131.41673
155.44545
106.8227
124.98939
138.29414
140.64258
156.75836
114.87001
149.779
140.2453
178.4824
76.930664
103.066025
128.80084
73.379036
116.33583
123.022934
121.7538
135.84709
158.51076
146.12111
116.87231
125.00913
127.13425
197.28476
132.48027
147.9579
132.16591
116.99788
203.00737
109.12263
99.45729
230.27881
173.87738
148.47577
150.47375
173.02856
65.95087
130.32474
92.124756
147.81787
96.61241
148.69356
171.80736
80.79625
189.20781
167.5334
175.13214
178.68005
114.15144
165.63985
203.3921
148.31168
212.51706
170.20503
129.81464
149.53752
151.50058
248.02364
124.979324
147.16034
222.90785
150.49689
172.43005
214.37251
106.38911
217.7951
266.5805
276.8821
259.44843
167.14174
109.32512
221.4125
213.4423
185.71344
174.92104
164.55765
278.17404
145.1311
125.17147
289.32535
157.79764
264.93948
239.06853
425.35794
317.96225
257.04974
151.59212
189.4838
146.55919
250.9677
346.2441
210.85321
370.0038
264.19296
165.69606
193.65335
228.24654
285.83783
309.12103
272.221
249.36612
284.10876
124.29056
299.47787
123.7873
167.24672
185.59227
208.43242
629.175
282.93643
429.0346
257.0528
296.63724
233.9426
278.6237
394.84006
334.5818
412.41934
216.2541
310.37665
213.86014
212.37898
224.44284
82.62197
234.32655
218.01653
227.31598
238.60474
323.06247
316.39838
163.91573
232.83157
278.0187
265.9162
232.00037
218.05292
147.54114
216.00989
115.59326
83.32333
84.6347
134.71608
174.72466
199.06097
323.87805
256.57358
176.78058
166.19133
210.83157
154.0816
136.2321
291.40848
178.43678
281.31992
124.87151
164.9224
103.46881
159.07465
117.59309
167.16557
148.49074
248.70421
133.38258
260.3114
256.3982
154.50221
184.57489
96.456635
121.691696
207.75479
78.73517
48.31944
142.09464
68.66062
110.842155
152.30515
219.21336
139.93059
123.53843
90.60227
120.77469
112.78683
93.46494
90.037994
74.857765
98.33296
125.885124
42.468563
105.13133
71.066765
135.74763
136.6718
144.22954
168.76572
342.6947
319.95706
192.56775
106.61403
139.79214
164.65575
227.06834
141.21687
149.84117
167.88986
173.83919
70.05316
111.02065
98.55972
117.16916
41.751244
99.93674
129.47318
118.67214
98.23171
163.58661
138.53702
146.84363
125.32238
158.44513
145.75246
128.52739
42.489105
108.90182
86.49647
133.77081
85.10172
139.8075
155.66626
106.065285
147.20837
129.17015
212.49455
127.817894
153.61713
161.0847
119.35629
129.26126
65.68966
113.01504
86.66401
114.76752
89.683914
97.86417
158.07729
161.29823
152.08167
180.60733
193.14613
110.581276
153.65472
62.31503
79.89312
125.01017
131.60257
125.57387
62.92145
113.0528
110.47763
109.766426
123.27926
103.94753
149.67375
99.33045
130.09448
96.75448
125.61986
142.38486
98.0947
197.2015
131.11078
93.64668
111.092674
82.06097
99.003456
155.11594
147.70297
151.6117
95.80187
87.80002
122.91641
106.452995
154.57158
148.89706
98.36562
152.80702
78.845604
88.180565
154.24713
112.86158
125.8904
100.24617
174.40993
110.957565
124.20188
129.14095
175.23651
106.471756
210.55077
155.39159
131.53123
100.88152
100.80722
79.779625
87.27211
51.149345
99.988434
99.18589
109.6112
145.31209
72.2977
103.848915
143.63795
107.174545
178.53278
113.6834
141.06013
135.97034
102.81568
129.91885
102.73346
68.26212
119.0919
117.2984
91.751854
113.760605
112.50686
133.55008
127.90604
114.24252
113.24695
143.44347
137.414
123.34528
72.58269
119.821655
100.741615
123.50936
74.00363
78.52624
191.49393
133.34836
144.3707
114.89566
130.75467
121.64895
169.09183
144.61125
146.68893
107.9307
55.62846
113.63134
82.04416
103.70081
122.47643
78.79326
141.54204
137.44495
131.88223
103.46172
98.73619
108.886826
134.32018
103.57231
119.297646
134.04434
72.80895
112.37731
131.94711
148.64879
69.04706
81.506256
117.70978
107.249306
164.4395
139.30524
119.77671
95.777435
169.44577
126.80571
103.84391
134.50206
82.05579
119.73083
87.35741
63.449554
102.13598
121.37899
82.26461
119.92421
182.56479
104.6925
218.4517
140.10597
157.1126
77.14623
114.212776
126.2525
74.00137
77.97055
75.8561
95.09444
82.87814
110.23058
114.76701
88.850975
89.68107
107.947205
104.534035
139.88496
169.27254
115.401054
110.790726
79.372604
73.56419
126.82461
84.15806
95.512794
94.68038
113.50744
114.91557
111.85965
102.12355
123.64843
125.34517
115.10732
115.75172
111.63282
56.70019
88.01468
38.12366
106.76485
77.52488
87.636116
30.555355
74.06101
112.10189
85.45404
87.57384
104.002625
63.37297
65.25364
45.001953
92.40529
107.19931
167.78535
129.93535
159.41019
115.885956
194.26834
165.25581
186.0805
274.65698
193.66028
183.15384
247.8553
229.562
237.8657
183.96577
187.31638
179.71245
122.72091
81.5052
76.37339
97.05914
159.60635
125.18403
169.97386
173.65785
119.2279
118.68567
155.80061
145.48134
162.44272
133.79659
102.983315
94.8106
163.83832
150.71729
173.12923
211.17722
124.08457
172.35378
91.082466
94.98169
102.404015
134.84454
182.87708
177.61887
119.91145
179.6636
88.91548
151.6534
193.75893
153.50923
179.96867
167.09372
124.52284
120.18668
185.49612
177.91689
130.53177
142.83217
194.0666
189.94098
98.41312
108.374084
111.464554
156.58856
135.2564
84.0384
192.28467
148.62332
188.85689
143.35063
203.94673
212.50365
204.01349
70.51177
203.0829
160.36746
179.22751
154.90407
111.03986
121.40175
213.06903
80.62991
125.28311
117.131645
188.86919
142.71794
126.952805
141.13745
108.728645
94.54102
88.127174
95.14735
179.45325
146.47998
183.87625
97.774124
184.03635
116.28675
120.61902
154.60478
156.01825
161.55916
150.18735
173.25551
98.183044
121.36393
160.72186
159.749
119.67764
221.8761
130.19243
144.22093
190.85463
115.9312
103.47305
150.95769
107.197655
135.4791
154.12901
136.00725
197.88629
130.51254
115.33443
145.96686
137.4606
205.91037
141.9382
126.57796
182.04512
86.03043
119.96235
98.62684
123.72488
165.97026
153.683
128.65125
83.41372
136.29977
80.421455
146.95682
115.56644
181.57353
149.40515
128.21515
168.12274
80.43582
126.23067
141.25279
158.60817
172.34065
158.95192
151.7095
132.34593
118.036415
130.51819
118.2339
77.50293
118.436226
104.86324
166.80562
172.73872
81.91924
135.7525
131.57703
151.15181
114.13102
179.80072
138.72218
112.289444
79.384445
101.683624
153.895
134.39972
133.83255
127.4101
109.87706
143.77081
111.58589
134.8325
129.70883
152.40932
140.61046
175.00314
177.13676
110.337814
141.64941
145.66093
174.49013
136.90254
163.74072
86.00629
101.99712
103.47216
112.14048
131.20995
152.12134
136.911
128.47551
151.67438
131.27158
118.07779
196.46626
227.86975
195.39307
124.3807
128.86037
76.65936
112.07391
142.58931
74.47046
129.06848
165.64317
144.94328
139.34448
145.09279
183.36331
169.51396
170.41296
160.00082
221.9941
163.9527
136.02747
61.239655
76.45847
87.91889
65.37782
109.65438
179.30688
191.6153
152.96608
146.04471
114.692245
234.78294
265.8353
94.23363
183.60524
150.37709
45.01134
70.70938
40.45046
115.86073
33.374493
108.670235
162.1203
26.48933
95.94798
141.80055
95.99105
121.218895
88.95086
58.748722
57.928967
46.742275
53.697132
77.04475
55.950733
166.03204
151.05133
218.03046
181.78122
217.82301
214.56543
290.74246
321.48724
360.30835
438.892
531.2054
361.62024
312.47934
281.26572
242.70316
248.9735
224.77367
132.33308
174.24638
86.25161
60.43669
154.71838
201.93861
124.768745
155.12448
207.43709
323.2534
258.7997
211.86385
165.67422
160.01703
139.63556
251.47812
150.72202
178.65363
115.96285
198.97551
180.33063
289.21127
208.50055
199.97736
164.46501
174.29807
293.5122
290.46207
340.19394
195.22188
342.85632
235.81972
179.91782
209.35295
206.03938
142.04063
333.0245
266.23547
165.9826
134.46172
128.81534
132.45496
305.32108
183.72295
288.1046
155.1165
113.65669
164.71628
114.77154
220.1315
450.5427
162.52695
237.34158
200.7207
209.86223
142.01068
130.66953
274.5638
441.4408
265.59348
374.6897
167.95535
127.476555
154.30879
131.63445
246.65367
348.4628
140.61794
137.56558
126.54673
301.70673
163.05754
213.15462
281.41528
1026.433
544.5968
215.3686
158.1965
134.84427
127.383385
325.4527
253.80968
122.036026
88.63233
132.72975
129.41248
175.92262
138.6005
216.82753
80.67638
67.101585
73.263985
79.614075
135.11406
150.8164
287.58228
137.63434
112.68831
72.72311
85.69911
66.514015
60.29841
92.47453
382.33533
340.30313
60.02925
106.4019
58.89719
184.81514
372.4676
151.07753
293.70447
125.18892
76.77095
66.30432
112.00783
95.67159
77.665596
337.85016
398.22458
264.62012
89.7613
75.30577
55.45401
99.89212
73.987495
242.41058
165.20906
177.4244
195.60416
150.4496
141.47185
138.84459
156.88632
192.33798
142.63983
153.86333
135.64339
178.02492
82.40326
263.03128
192.51732
234.29099
94.63775
115.75732
115.3337
149.07504
72.229774
65.68912
73.69644
105.987816
117.911545
108.68503
131.07646
138.07558
136.34583
149.91573
239.0593
182.93922
194.91414
145.0776
121.86067
115.67318
116.25489
106.89655
165.69211
187.87006
279.45465
300.16486
220.84436
209.20015
266.84482
376.43213
299.61157
220.7293
181.78104
146.57346
161.74135
100.15847
128.33904
204.20152
156.88509
328.47592
356.56537
380.55603
223.64828
258.51932
300.5063
442.98035
224.84993
132.85902
175.61353
135.20122
178.2503
184.6216
209.14723
224.47058
178.25676
310.60352
297.84094
410.20703
230.24533
254.59184
249.8733
181.32033
117.343185
109.30522
51.327698
88.37176
29.456375
64.09467
104.612885
153.36728
142.29962
111.60398
405.75568
164.42503
102.631355
194.99245
62.900494
130.18823
63.32613
97.622025
47.245525
90.29014
60.87708
78.91131
84.65113
56.55126
76.69661
181.91467
60.629745
265.30267
103.22149
80.46792
177.1625
128.1751
70.06004
79.58365
223.31168
104.26792
198.10498
145.99857
159.58064
210.53229
195.28436
177.09541
172.27054
177.11322
232.23167
193.83302
173.22598
170.83586
206.0626
197.91226
195.03996
169.69473
278.35446
264.55206
202.9695
125.70711
141.09366
166.13205
127.59928
75.806725
163.58028
119.9136
95.298935
87.5531
111.22169
97.81485
187.74042
155.99353
162.88448
248.71939
136.2315
163.66533
166.25632
146.44731
154.0247
168.97008
105.01928
120.79328
133.57858
144.05173
96.35269
72.38159
222.02074
134.26665
301.2059
236.28459
215.45963
222.32887
182.60722
288.88522
148.4297
88.969376
114.83688
180.21294
137.48297
146.47495
139.9201
136.3872
321.90695
305.478
258.7274
399.02368
316.19022
510.56793
428.18658
429.13922
342.91977
344.2438
216.29889
352.80618
280.97275
322.11676
234.65627
268.76508
274.19012
346.63974
462.796
320.87164
287.3229
520.0129
425.49493
464.17026
388.22577
206.68677
336.81577
194.98923
322.06107
209.18033
307.2421
111.32852
408.79666
461.04373
417.64734
349.99338
156.23018
392.4442
307.0543
157.86665
63.034702
342.40668
307.20947
223.62193
343.67838
260.58466
300.41513
390.83667
295.1201
215.72769
175.1534
263.81628
96.65205
81.88344
254.65648
307.28943
297.70074
365.33212
339.28928
229.94171
308.50726
309.1039
211.54965
293.08383
514.87213
325.93066
279.09473
332.12433
564.9207
329.49515
487.3661
288.3055
214.98723
210.63138
256.33948
199.79547
161.8375
249.39433
215.75612
251.48912
296.8071
195.49117
243.36717
284.93103
284.02887
223.22021
334.3273
236.97948
199.40724
232.5601
143.127
208.89442
211.40327
210.55722
228.50226
177.48845
364.63034
224.44756
263.09637
198.36684
304.65115
279.01877
200.16223
234.82901
277.358
242.7369
202.46349
204.58049
189.96411
207.40424
226.93227
143.89789
317.70447
201.1345
225.76067
207.96901
245.73993
323.22272
219.44801
324.95862
365.6878
315.87073
221.05122
274.02716
231.08574
279.4458
195.17766
140.49712
328.49997
158.50328
217.70946
250.68846
294.2914
232.2703
305.57455
354.46722
342.2692
278.0599
209.73378
381.72522
206.80762
266.36932
185.85559
213.90288
218.4344
188.73868
188.40112
157.42764
197.7375
247.54356
295.0596
202.94485
372.44843
321.8026
333.1873
259.60272
286.2342
250.84933
237.09657
131.57053
192.07477
140.5909
177.12029
192.99017
183.79665
247.90526
406.15884
456.852
251.54434
240.41695
314.67294
308.38782
250.31197
202.82074
159.21286
140.42714
149.19023
114.355736
147.47198
150.74461
143.65775
247.46527
201.83167
226.83287
237.0556
235.55115
291.50345
165.29526
153.86235
97.01751
199.43915
104.35435
172.69562
67.832085
88.21918
131.16913
70.29261
97.45504
183.99652
182.01958
149.54665
155.02495
143.0822
157.26472
181.1738
134.03694
153.45491
181.92859
131.85693
106.02336
92.02147
94.93367
106.78576
79.97404
123.89728
124.85474
198.35779
145.0425
144.92838
165.15318
89.33573
185.15166
95.42044
165.10724
116.571625
106.164604
96.34863
104.04409
84.30469
137.60712
129.36342
166.84178
163.40144
375.71234
96.51439
144.82335
115.2515
144.54352
126.073364
152.56866
116.59125
106.78367
102.95807
90.865364
68.24249
96.264626
126.36495
367.70978
624.89343
202.37311
115.51424
146.00484
153.77654
118.4382
122.94126
214.98546
110.955376
160.96483
141.33914
193.34235
126.62211
165.98904
336.9747
205.79745
274.80652
242.6433
214.28223
138.83836
223.55495
196.22928
154.79048
194.21321
225.3623
87.79262
137.55374
74.54176
156.67409
133.35957
145.32408
175.08315
168.04768
101.28229
157.2731
119.88474
88.04704
258.75623
156.88394
203.6186
187.87825
143.76892
183.47525
166.10382
149.32607
200.27489
157.3163
219.5487
179.1636
212.01688
142.82687
192.78694
215.84421
128.29498
198.83406
187.87395
166.38156
171.75327
82.87743
140.32576
146.17503
274.38354
307.02188
902.5098
467.29968
204.39897
163.70708
218.77467
260.21133
289.53616
320.57718
207.10739
137.51013
118.47909
115.31994
114.96549
65.67999
145.31516
130.94505
128.1681
172.94432
123.59245
115.10928
76.68749
122.756355
189.22656
177.16612
200.97444
86.982834
95.69495
69.46713
88.99558
116.63712
114.35424
101.13702
125.974625
182.4867
165.27396
145.39801
146.59695
135.33876
177.77106
177.51642
80.29653
190.49054
140.43387
205.99629
97.698586
122.428444
318.93674
213.82391
256.94476
193.12965
144.99336
184.48793
204.94725
188.28319
172.3502
184.06212
142.17209
207.17114
146.22559
134.20108
90.2893
166.75024
187.55238
168.62022
199.62918
182.842
189.08356
177.35146
192.77325
258.95523
196.47865
205.4685
91.533356
184.71457
101.692
139.74857
186.2452
191.91832
155.62035
188.20694
167.33781
175.32118
174.58475
116.45202
160.39212
180.68181
138.47495
113.9823
83.8314
102.01701
96.624626
90.5313
118.85576
100.08025
184.30074
85.35687
133.04634
131.66217
177.2145
141.90828
138.70961
121.2323
161.3551
41.201206
69.37882
68.83764
33.460007
79.90879
64.133385
156.28917
67.956825
101.429565
140.29297
170.60265
154.51659
121.43864
117.01204
62.043056
119.79252
79.577385
80.118996
112.16157
97.852806
105.90601
62.48627
103.60237
94.45656
183.65521
198.66301
187.5738
52.799946
185.14397
54.076714
100.70141
50.560623
32.788754
40.393513
85.92114
49.42186
68.567894
84.38124
69.320366
101.19088
184.67648
113.49085
146.31857
153.14961
124.58853
126.83013
159.50177
108.51104
194.3322
276.52594
104.36488
61.522194
87.510735
86.67645
88.73209
85.128784
126.19359
143.18011
102.93648
103.16333
94.83481
156.89516
147.33875
92.23907
95.97624
127.02034
81.546684
96.688675
113.446335
58.012283
114.73721
77.51816
97.403465
127.75284
103.08515
113.999825
70.40804
104.306046
95.37167
135.97035
148.11157
149.31563
78.30974
69.752815
108.518616
77.81896
71.69474
119.82254
124.574326
108.90125
115.63329
89.0201
82.28274
106.10544
143.0816
209.01201
132.70775
198.70567
130.15999
85.36673
54.870724
83.85941
121.67599
106.26186
74.939575
122.52138
39.500065
52.708412
74.34838
103.67335
180.39024
187.35486
99.19232
197.65277
92.82738
94.622444
86.492775
76.3563
71.52761
76.23882
15.468813
89.08329
108.57878
120.493965
129.95221
115.63551
67.11403
98.89109
149.275
298.52924
86.700615
65.93176
82.16297
85.464714
62.01554
66.875916
99.527534
110.32002
133.99611
99.159225
126.13422
100.44406
291.7337
106.57598
184.43938
261.40088
85.48428
115.3282
81.307846
99.9491
114.02814
78.33541
90.84092
98.38174
138.58443
77.71986
38.171688
123.340675
87.12896
119.60303
147.44229
94.58162
160.9663
101.40935
67.19212
73.53905
47.618156
106.22063
142.97755
112.0442
129.10663
141.92671
170.11075
81.28142
183.73985
119.4155
152.95537
146.24916
149.94574
147.56078
108.23147
98.14343
126.52817
161.52216
174.6686
227.01767
196.05438
177.10835
157.2628
183.01912
105.51871
252.20978
183.83885
199.6278
132.93242
94.15949
74.72922
97.89059
102.55801
86.71792
118.84883
121.530975
135.45032
218.05928
98.905945
120.176704
110.45887
179.18678
116.132545
95.701485
238.27759
93.0683
105.71658
99.00248
111.36637
101.36839
144.69489
173.29475
167.77977
186.53122
241.0492
171.7723
223.76068
158.86137
148.34294
255.65956
98.499275
70.3888
57.306984
92.77599
124.201546
139.92686
212.2699
176.18448
178.71457
151.54478
153.97627
150.25696
138.82765
181.82484
114.84166
212.02455
151.28625
79.65265
110.36651
54.178337
90.23437
100.32634
130.2445
106.9517
150.37227
156.8554
191.67635
136.02336
127.04448
166.15765
54.01203
61.437275
86.8188
77.14778
120.580505
70.72981
131.09668
109.80654
110.577614
170.47427
143.87923
72.744
97.715294
136.75421
70.294426
137.3744
67.78178
147.75911
50.771923
61.17407
69.39203
34.272396
44.171062
47.861748
50.938046
120.617874
123.78116
125.59572
103.79489
70.23081
138.42287
45.288517
47.104748
107.47152
119.65531
58.345814
68.296555
89.52328
91.573166
72.57686
66.508514
80.81807
60.88752
86.72984
118.080124
109.82303
88.676544
107.12923
159.07681
152.34393
92.55499
40.783882
60.46949
70.41911
65.12615
65.66154
100.16189
79.23648
89.76052
96.82424
67.5234
82.05178
56.647377
100.523964
64.59126
120.03525
89.51916
71.04319
54.674435
42.386738
63.441708
73.772125
96.04533
109.95844
90.545334
79.228065
96.10615
102.642204
62.360767
156.63359
127.54895
113.71858
108.79345
79.29299
89.388504
84.30689
67.44901
120.03466
107.11411
111.64852
96.91744
79.26168
106.93269
100.92329
134.44795
198.7518
75.79808
81.37783
146.39484
93.22473
74.87892
83.42881
120.57452
425.63458
230.49428
137.30511
187.6977
96.531395
177.36493
138.3224
146.15503
169.53549
220.61784
92.03207
118.09256
108.83413
117.83258
59.446735
138.52032
264.19614
120.92305
231.35593
137.21968
124.4646
131.19565
96.363205
137.75644
217.5336
158.30913
86.8065
179.5314
104.77749
165.49771
109.93678
147.6335
150.59187
110.84027
210.5477
280.6056
206.40492
192.82416
230.50389
197.48376
204.96103
211.1006
173.43427
164.28172
169.8075
94.87148
134.01036
157.96933
112.417595
123.87793
174.08072
232.7955
237.99567
168.03592
219.46278
296.86465
239.67606
152.42458
183.95537
87.48969
83.83033
80.26005
84.13109
129.30057
100.691444
134.58049
166.25049
163.40575
140.67007
82.93221
149.71748
116.71579
130.82196
98.96845
85.15701
169.76244
131.30522
97.14461
95.80198
134.25372
122.276276
137.35818
136.96191
167.59283
106.93185
162.37404
128.43552
127.78398
135.43546
142.4895
104.77043
202.87688
240.59732
165.89563
115.39968
163.95871
304.07144
329.9136
219.52463
153.72719
162.88449
205.74944
141.4381
163.35944
137.51323
121.15006
84.645004
218.3361
125.93498
200.12083
178.05618
273.6051
402.92862
258.0425
164.31247
209.5757
179.68399
257.42154
292.73087
270.08368
172.73944
135.01195
175.95619
174.87529
272.32153
206.84459
112.77294
191.02663
310.9078
216.95883
129.1581
296.72275
207.1921
149.13358
230.93932
204.66708
165.19781
120.66203
148.74205
229.72023
155.13425
112.63659
159.35799
194.53786
213.84538
218.0311
236.63509
128.47577
80.21705
195.33818
206.52745
151.75423
191.93436
182.68398
90.88426
161.63698
185.28508
114.666275
151.43982
135.86212
131.70047
107.80112
153.7651
144.39249
220.9448
198.18968
130.7833
171.05428
117.39892
124.58316
129.91466
144.47816
79.01174
70.73153
100.64336
65.223114
43.17992
97.81957
107.419556
63.269135
78.88437
95.14455
70.15448
141.7663
105.1816
63.096222
126.55196
126.68333
111.129166
56.60428
106.10939
93.579765
109.066666
192.79414
136.37198
154.83423
80.24207
93.9138
117.871956
163.12654
127.68973
155.53564
112.752335
123.41884
88.158104
111.43394
86.31448
77.193146
74.0393
81.77721
113.99155
59.65984
63.02079
76.468575
66.04136
92.50296
74.03232
193.10272
175.253
149.2678
92.76034
56.53484
131.27498
115.5919
178.74646
187.8732
155.16801
176.28674
167.77422
161.25345
118.427055
132.0898
154.22748
163.02354
142.98685
152.17247
127.5806
96.11988
266.903
158.60309
235.86848
162.74821
183.17915
112.70375
138.12822
113.84569
106.485825
100.07563
185.91554
165.16316
107.07635
218.92372
85.113815
120.157196
401.00452
379.26602
278.72482
298.12012
195.28052
444.21204
77.215294
186.48973
112.42806
183.60933
112.047646
103.81716
173.32162
219.58897
130.61594
119.41786
248.21425
409.75397
421.4413
408.4597
633.2484
1093.3083
1602.2273
197.87013
113.73066
124.45152
78.50656
164.69241
121.31599
251.26936
196.51027
212.48572
117.09797
134.33862
166.89305
350.92545
381.34192
147.98058
157.42033
109.11941
121.35599
163.21211
161.47902
165.25226
200.64864
257.4716
175.53601
269.46512
214.55574
137.35315
137.24144
136.01138
144.06859
239.66263
246.55873
271.38675
190.20854
173.71576
163.8867
153.75278
227.38623
190.2744
169.01996
112.76263
143.25925
127.795815
138.93968
160.8756
149.46458
150.29599
129.35916
127.6312
152.44048
145.46902
239.14677
139.53204
149.40334
154.9568
78.63785
47.453487
161.321
87.400215
156.82617
216.30838
191.33311
239.15147
182.23495
139.83684
109.23179
104.77908
118.21115
186.95187
107.49602
178.08723
152.5177
129.10497
147.20384
137.07196
136.8486
230.42633
251.82738
309.41794
156.96112
155.21237
98.34935
109.73847
76.75545
101.68413
123.77662
336.89786
192.1079
86.130424
174.38191
199.43169
182.87416
249.5992
372.4796
214.48451
112.209114
257.64627
152.1828
167.07411
79.63389
60.926933
110.90106
260.28793
146.94238
231.86545
115.55332
89.96935
125.152794
160.37512
156.84949
128.47688
138.4811
229.02702
128.19197
107.41474
115.26899
77.521065
65.04761
344.3699
127.67806
76.907394
102.80468
125.59727
149.4265
99.09855
125.00103
145.06644
166.08324
143.14017
133.51639
76.60159
51.478867
87.45852
73.65046
79.43385
51.39573
92.36754
85.648
89.521866
175.3297
91.291725
126.47951
164.1701
71.219955
110.995094
67.37519
93.27134
75.23395
78.46493
32.50959
63.125633
46.77876
73.71651
36.923973
67.574234
47.454334
49.399845
89.4281
55.082157
31.941275
82.96949
21.504103
43.603436
39.96552
37.88203
17.156923
194.43791
108.09465
163.68307
137.91702
188.38907
133.18289
177.96278
241.81226
256.4492
219.439
194.2078
240.02467
224.27774
200.49326
235.08585
256.4058
198.1983
159.26257
116.55842
108.911354
155.6312
114.56502
129.83174
91.84314
157.24503
107.75
89.33964
140.43317
148.84874
94.25943
86.59839
90.20486
211.07262
149.51526
129.8799
148.9826
133.63007
130.45009
166.1617
172.94711
176.3086
123.36211
116.18688
130.30913
108.7148
125.346954
158.71098
195.11693
314.1752
163.37474
193.21658
167.03062
204.79848
222.40366
230.4021
267.83136
293.9486
275.28534
228.46193
293.8519
245.75928
200.84305
274.52936
293.77902
335.09326
503.2879
311.1354
227.53946
363.49155
218.93423
259.31598
350.37418
346.39093
422.45596
351.09164
342.9484
422.27338
321.72116
379.13083
282.37305
976.34644
675.5187
143.06221
201.01752
239.78624
288.34216
176.42569
148.10248
253.91942
118.71563
160.706
215.66142
120.27722
206.24576
148.75204
248.96664
279.12616
133.89168
179.22385
131.40111
303.63132
166.4515
194.21663
282.93475
171.05276
182.45187
253.42467
324.97693
166.74684
400.41806
160.57492
213.16371
182.2974
132.49007
126.485794
116.61702
170.58377
187.91763
171.99596
166.85733
139.91254
156.2141
144.65327
232.57292
155.43457
229.52238
179.61833
201.1008
230.97966
122.641754
133.01694
120.482605
148.1063
153.6109
178.64835
202.23073
196.59444
147.55632
198.2193
182.83119
162.15881
167.34096
141.87494
180.19633
173.29819
120.10573
184.78189
153.71951
211.27512
255.60832
197.74008
250.36015
175.06404
232.34215
198.32234
250.0805
186.94342
257.77216
177.26202
199.88614
146.3723
106.78269
148.70029
80.10911
157.37753
186.93877
167.08028
225.44496
191.40129
179.84996
207.4594
253.02429
156.65915
167.01596
138.12643
139.71758
216.23978
153.30045
175.15323
252.22488
246.3783
207.64258
200.47632
306.67776
253.10086
268.89853
249.02863
268.16614
210.57942
215.3829
160.7913
237.06232
136.8462
184.35442
109.16348
137.8155
115.4149
183.43661
150.96193
236.282
265.9278
172.55661
187.41522
101.975296
182.13722
376.1028
191.29556
280.1814
111.3038
121.813255
153.6374
173.8418
145.5981
172.76686
197.8184
237.33702
188.16658
84.612076
137.88318
326.47443
208.85785
181.23407
170.81694
144.80246
99.954445
166.18907
169.69835
135.81024
129.67209
165.53236
127.665825
194.19821
158.44345
130.8967
149.51225
207.61615
97.74272
182.39346
143.18716
142.17552
102.43144
89.295746
102.326675
86.38907
101.10829
121.38822
85.60798
153.05486
110.10801
170.50487
176.25548
154.55122
154.27478
170.68568
51.393257
105.11107
120.800896
68.15524
110.168
108.11421
106.712616
149.10732
179.45358
118.13998
119.467926
130.79605
67.26452
128.72798
153.1873
163.16487
135.15984
81.26127
75.66378
81.21259
93.55296
58.31351
105.41517
94.443344
88.88107
99.276764
81.791565
48.595722
120.07607
85.835495
74.66593
122.606964
50.454052
72.08783
126.33845
106.599495
99.48698
70.65727
103.927246
69.04682
114.01046
99.73055
94.60264
115.02569
70.96339
122.04838
42.156986
132.6932
72.490524
90.07266
99.92177
96.60683
83.997505
59.500095
127.14378
113.17159
104.19849
105.3328
74.9678
96.07533
129.35312
102.68235
74.12181
107.86775
95.027916
97.94143
114.66143
82.2112
101.57662
99.41699
91.089035
168.26225
64.70608
89.90007
127.013115
104.48179
80.40449
96.68818
105.93309
128.7622
58.60337
133.11046
121.99564
69.89982
103.35612
112.72476
118.78608
102.457405
69.864685
147.68391
102.61764
73.97683
102.189926
72.82421
136.44208
81.0797
76.90023
101.97595
120.76524
88.18495
113.12678
108.94713
108.33884
123.185425
92.981255
67.343506
62.577744
85.270584
66.671776
119.50575
72.86206
142.47256
113.85335
118.733574
85.30668
68.51772
64.428055
75.65122
102.85071
116.101326
80.34712
77.41879
91.135315
78.05687
84.4913
60.55869
100.83138
90.84408
73.74835
135.31387
114.57444
96.22204
82.0542
87.17502
97.21791
38.498257
92.339645
71.664276
42.555664
55.6684
79.30686
103.472755
60.097908
81.39369
85.65509
115.26904
103.03609
92.10479
71.51879
105.55551
103.44499
119.24118
53.361675
71.801186
107.40902
112.721886
84.55711
81.37157
100.86587
103.27874
120.59628
69.29651
74.25817
65.06518
57.771263
92.00771
114.160965
80.74969
114.62861
144.23814
107.60225
84.97632
64.49179
96.87279
56.671116
111.9289
92.73188
74.79813
97.56191
112.31641
51.91203
65.3173
96.069565
110.118286
137.65977
98.742836
34.74217
119.804596
73.873955
104.08396
89.63485
124.380424
101.71173
99.49991
97.4095
67.33702
89.92469
81.15994
107.224144
105.29144
118.300446
108.240234
88.21099
116.74387
126.92397
96.25373
108.256836
124.923706
121.06759
81.84686
113.6462
83.25243
90.03475
95.732086
100.7351
116.00215
122.70385
121.166016
93.95351
110.153145
110.44124
121.018105
115.88883
102.149666
39.013065
121.94584
100.045006
66.51499
46.727722
87.69225
92.91611
111.62569
96.9832
63.372017
120.44443
93.49187
79.88069
72.90791
115.37583
98.73726
58.98979
50.421288
47.56669
55.40554
81.67899
62.007984
58.37823
70.562355
87.604
94.5831
69.357475
53.334534
70.454956
48.687485
79.89739
53.483242
66.28296
63.580914
67.44762
49.310165
48.740055
30.945292
83.709465
46.887276
40.97942
79.16319
35.444714
58.866844
85.107025
109.50603
103.165054
120.48709
79.04524
117.093506
72.4319
56.72303
53.551704
31.524366
73.76491
62.37747
94.08602
43.61279
65.452866
60.499336
66.850464
100.530624
93.049034
103.45213
81.92099
82.69844
109.49437
44.376556
59.984116
59.170868
53.93791
56.77187
53.020813
79.29175
54.515144
92.636
89.05832
31.974941
73.65475
103.17679
144.16623
90.08147
58.926556
97.42911
57.19919
49.438126
41.368797
82.013306
94.6643
156.33218
108.55467
124.72212
107.34005
137.55644
163.1356
76.70377
174.05847
86.06993
84.302986
85.73119
67.403336
95.53641
73.420746
50.88811
82.05959
42.91234
71.75662
43.425995
62.023243
63.02367
61.00077
41.96841
101.42272
100.253075
81.93863
95.77718
91.5672
101.609825
80.187035
114.07906
58.119022
83.77117
128.17686
119.29876
177.40126
139.73363
82.21958
103.85454
155.34372
91.0301
154.71455
121.714455
88.41147
78.27342
77.221634
96.82287
81.660446
136.27354
110.800354
96.05104
100.74916
110.06177
104.37991
113.85995
87.28142
140.27185
130.75876
76.205124
122.0474
90.143166
89.06472
56.493206
118.65581
111.28687
102.64319
95.3201
118.82844
145.52017
96.98389
127.546844
93.71119
116.923225
85.43735
73.46888
120.71801
99.45082
110.06317
128.79099
169.49362
158.2065
134.00331
109.78927
155.0959
115.29316
128.28429
134.47102
126.022
127.59175
137.07169
101.637115
122.61432
86.160545
105.98012
98.54539
118.50369
139.38666
158.21579
141.55382
98.03106
96.26487
98.007774
86.56441
111.55932
80.16442
101.57947
70.77848
70.88954
86.15525
103.813515
93.22716
94.68258
127.11665
99.70083
118.000725
102.868484
117.57705
85.30073
113.91903
47.60954
60.964195
158.49817
112.932594
108.9848
119.806694
140.60188
87.45381
114.321915
182.87926
141.12685
119.27666
109.69179
193.1509
83.684364
130.0771
103.9978
78.94906
83.7871
80.97795
92.456665
64.27245
65.14315
87.03248
55.639713
81.09977
156.94519
62.075462
67.216286
129.00455
103.367935
65.78475
83.37819
40.690342
96.85975
52.85987
79.48879
104.35211
74.54092
96.14344
72.97979
99.76387
106.87516
106.56424
122.67101
84.26302
126.968994
116.57869
97.561516
58.407932
65.72173
39.78246
55.027992
96.198296
64.789925
53.585327
108.61385
129.17642
106.28835
133.32672
77.83186
130.59276
78.147675
110.95995
111.7767
82.32696
83.742134
50.170933
81.24182
58.530872
58.23488
93.40438
99.67025
81.038
50.457657
60.566116
83.022446
138.24142
81.63518
80.68545
82.71356
38.163082
99.90647
25.669294
28.978933
114.31079
79.5166
81.438736
81.04156
77.495476
86.19376
108.893654
188.32649
198.44597
121.13821
226.75647
200.92679
170.77542
181.9133
82.49596
104.44693
57.220688
100.34908
59.396442
120.50539
144.35799
85.05524
97.47353
99.49933
92.21437
177.3037
149.0242
119.44558
128.66069
103.88798
105.86178
67.01184
60.158142
75.605484
93.89081
70.15715
101.19532
161.20392
107.2654
156.88733
111.94947
141.64813
153.59807
239.31094
160.14494
138.77182
78.02785
77.69791
44.96277
141.27762
108.096794
122.53823
111.884796
121.20412
155.50735
160.22615
162.4145
189.5669
191.96158
169.30424
197.78409
124.2749
95.43778
119.693855
107.32966
149.91682
112.337135
70.56235
99.19314
123.55625
176.28313
131.00255
150.14595
124.8948
138.24734
125.7157
124.90633
104.33826
144.84651
119.32724
102.38632
67.45768
179.40575
99.75174
153.4979
118.59223
147.1341
99.46754
126.75534
134.39258
128.41121
148.60063
217.12941
231.955
72.80932
94.42647
153.28397
142.9495
214.47305
263.7501
118.27792
180.97197
193.8169
120.708206
102.10481
137.69107
231.8446
107.03286
171.8645
237.77791
145.52635
194.4778
208.26437
210.18735
273.50372
206.78151
126.76937
131.31612
105.37867
91.76539
162.22264
118.72531
186.81122
207.0644
332.15863
309.37048
213.22498
168.08987
166.04466
281.69202
254.2533
149.11925
146.00943
175.46957
112.513176
148.29799
228.45961
144.65115
346.9116
136.82204
193.51414
287.96677
170.98555
177.47693
167.62524
248.5766
102.291534
284.8203
223.95871
308.51315
101.06455
196.8542
192.70956
201.12512
247.77658
127.17496
175.21886
372.17105
182.44109
165.77812
145.6738
121.80392
101.22628
137.95332
471.20386
310.31705
154.50781
155.73439
215.61157
200.31268
273.2842
241.52669
259.48285
269.15683
205.93425
158.38953
144.30602
211.79735
140.18617
254.84618
416.08768
243.49152
424.87866
436.64154
178.06291
257.7818
368.24335
264.23605
288.86313
253.73363
106.99297
106.71776
240.94601
217.08893
156.01697
435.29947
264.6997
346.6164
269.13586
283.17773
304.10242
143.87682
326.89957
223.60698
123.716995
169.79903
150.47646
273.3824
172.26436
351.63644
184.39508
320.0854
292.8775
345.62015
215.45494
291.0473
280.53992
195.41895
254.49623
173.29347
180.63324
175.71017
181.86168
207.82036
179.78766
240.14897
179.2807
192.13336
270.88034
301.4504
191.56967
213.28952
270.00037
242.04208
321.2813
106.504005
155.70859
154.50073
73.73646
157.82578
130.95525
146.31183
93.04295
130.09666
140.31366
216.6286
180.337
101.857025
185.09113
15.2221985
74.18879
120.42495
61.4983
64.53566
206.18138
143.26524
113.91064
91.251915
69.74957
113.548386
108.26645
137.5725
104.107765
107.93305
168.68166
149.5463
162.09389
160.6581
183.22694
106.2404
104.75848
173.27318
174.95195
150.40276
85.53597
110.21717
190.49815
177.54024
128.99503
133.879
63.44454
78.73936
121.62485
112.25885
81.243904
104.49735
85.37234
95.71266
140.64317
155.24304
167.22379
118.803055
197.26271
89.968285
65.608406
134.52957
120.00091
65.71318
84.96248
167.86786
139.71582
168.11813
181.49557
66.16162
122.13798
159.52827
131.63922
114.76652
115.95714
128.26671
89.519646
119.298645
129.17477
118.50023
85.92786
121.27964
128.69382
159.07477
158.07593
164.33615
204.60551
145.81276
185.66911
128.03032
159.77913
120.18997
108.67939
89.26501
105.67031
91.062805
99.55259
93.086845
200.0623
124.50619
92.67228
116.93289
131.65024
119.430786
149.008
193.02399
158.68503
126.26608
105.45485
135.0852
132.585
77.23112
120.13659
156.19855
119.46542
165.3493
115.79252
90.313965
191.60666
78.48132
90.85775
123.88677
161.86089
99.77621
104.29687
123.24398
88.85797
134.30557
116.715675
124.63276
127.2859
195.40166
113.32125
125.69684
110.52344
92.68421
115.07029
81.795975
112.94538
92.565506
134.0678
110.21337
120.85221
95.89808
99.40513
189.33578
182.48898
126.91655
158.49544
110.8408
125.55617
90.56138
61.844734
67.16794
105.61807
99.08674
100.51978
122.08339
298.8988
168.62521
146.66594
128.52141
124.56271
138.63326
112.869225
150.10786
114.47018
124.40296
120.54986
175.40843
142.85686
160.57968
89.46262
176.56042
112.54076
164.04369
117.14843
85.327995
107.353226
115.66415
100.14363
141.04492
118.58723
140.83308
122.069145
144.51428
159.08878
123.01357
108.90651
107.142845
132.78534
127.14059
135.22696
58.669407
92.3278
133.94128
140.39081
122.41257
138.6727
315.58008
206.85507
130.32556
148.91055
115.340195
109.000885
133.35146
128.69244
158.6379
135.97417
107.86963
126.40134
106.86911
99.10963
110.141975
214.51375
174.2219
218.50049
174.57652
54.58933
68.34355
39.149944
39.521305
262.23694
204.93698
172.63013
58.672134
75.36998
91.23085
129.13637
111.75362
132.09418
76.60823
86.923515
121.20867
133.39746
110.88512
160.90997
111.5969
78.972374
114.506645
140.01218
232.3301
114.91292
62.896175
110.915855
98.47965
124.98516
93.787346
87.00465
81.09082
133.40889
130.74973
96.102646
119.12075
87.10149
130.95833
84.11342
61.744312
95.286415
55.20635
71.25913
54.479694
88.62852
53.544853
60.8354
56.46999
62.608414
78.715454
27.67816
104.66598
51.438675
151.91129
44.757442
91.369095
60.961372
90.60802
175.30304
143.15828
96.666626
165.00128
167.53302
227.43246
128.86093
196.35999
433.41214
554.36096
349.75342
92.14718
135.81105
133.25443
153.57336
387.6513
121.280876
69.69264
74.293945
91.831474
97.7001
114.29622
90.383804
180.79001
267.89612
68.684074
-4.5616875
52.88461
94.49734
126.57852
116.17694
130.58716
88.19024
87.22823
95.217514
73.06313
83.37573
105.422226
109.43679
109.73425
97.71435
81.36305
93.707306
105.58351
90.44559
91.394554
126.637634
95.21752
123.13669
121.48621
175.0357
102.23514
103.28371
69.90725
78.260506
89.27086
89.70245
67.13122
45.5356
94.22671
62.48238
92.04046
149.50952
97.93286
138.56693
91.27699
97.52423
109.21958
82.17302
91.56095
79.671074
99.23826
84.42828
76.37341
68.008705
78.1017
92.77796
61.187283
86.231926
194.66403
120.24144
86.60923
101.25005
113.05512
220.71822
152.61157
101.20234
118.28718
118.013885
69.72452
114.304115
83.71462
146.68062
131.29588
160.44946
133.8357
102.80213
41.713825
143.28667
154.86592
326.38293
318.4536
207.06119
121.76951
136.50931
148.7716
124.08472
130.21892
148.57265
73.16226
160.10858
189.19495
114.5565
87.51774
127.84215
136.0513
186.13365
193.7966
94.67682
163.18138
151.15176
129.71162
136.99156
172.96841
186.8948
195.12605
216.84909
150.9961
52.492832
72.95642
91.69877
111.53737
97.5375
143.54922
89.271484
167.7025
146.05844
135.15561
102.23705
166.49608
303.1767
200.74695
102.17234
164.48601
65.45293
80.041435
70.21383
90.00289
48.989334
114.7175
110.38273
96.34132
95.68492
134.47127
80.97221
309.87823
340.1715
717.2959
257.1857
136.90625
84.09178
79.29241
73.9678
59.997982
137.30676
148.43143
113.75543
113.382126
65.56684
107.42725
123.52003
239.05908
281.80112
325.79776
163.0942
142.06358
130.73103
100.080284
121.114006
87.25998
137.64636
129.9549
177.55115
111.48269
101.41445
112.433754
103.59736
162.36018
160.62149
133.99721
97.757805
64.8079
40.766853
80.321014
71.14628
95.20403
107.49503
105.01933
135.84242
214.22887
114.93647
157.6537
107.861725
109.47827
133.70049
74.10233
67.479034
77.88928
50.292713
93.60742
135.64458
122.78326
119.30107
132.52464
159.67183
86.352104
65.49361
114.23265
111.46483
119.443214
113.12012
33.07529
70.88491
117.28885
91.71394
108.13675
68.992134
87.397934
34.523724
63.15156
111.92619
116.62176
147.26294
187.84737
111.89534
115.04271
53.760643
107.64967
67.07308
111.59371
86.26238
138.35347
45.375774
76.35072
31.394293
64.86697
66.477585
46.377075
95.97961
134.54352
75.35718
63.158123
78.10232
33.81165
47.832207
61.998886
24.209473
139.12575
64.63544
53.12002
52.44106
106.65057
110.17057
86.51159
91.771065
100.54684
107.85284
84.64109
74.06008
86.86783
99.20963
92.29358
91.42971
75.96258
70.739685
52.29372
144.29202
138.32727
236.83176
53.313133
68.179726
101.49958
124.42604
129.454
101.13291
115.3532
102.519165
146.33774
79.81341
156.32379
100.50123
88.662415
86.434555
73.463326
88.4315
113.56369
74.25839
107.400856
99.63688
99.63913
65.93549
116.223015
77.2404
97.118065
114.64052
80.9548
106.95596
88.95193
63.50418
57.329575
61.84318
70.440956
126.13092
43.81294
76.056435
98.89975
70.1404
52.30094
67.67876
106.17329
97.753105
117.958954
106.81469
79.26669
84.773735
77.02607
67.79427
89.479706
63.062557
61.584614
85.26402
142.17303
68.32617
73.917
83.05396
53.028015
38.44822
83.28221
80.29383
62.562214
91.27383
67.52135
87.46659
62.999233
21.135235
136.50542
125.18594
40.38803
73.71789
122.055435
122.28537
112.75145
114.311295
126.75623
112.0297
82.67484
124.09498
138.23642
113.10617
66.813095
61.7207
128.6461
138.7339
82.562996
73.40325
143.07408
110.85631
122.96969
145.99553
83.0254
133.31142
121.78192
89.40385
158.99384
114.268234
84.124245
56.01433
106.83747
111.31413
79.36465
94.00434
73.339134
96.246895
135.47617
128.54892
150.20308
113.066864
60.128147
64.097435
52.33197
70.654465
71.65533
108.998535
99.62683
123.07504
79.64889
120.55065
85.69642
79.661255
73.235374
147.71715
89.125465
82.78428
73.9729
53.59953
41.659416
81.4194
99.45721
54.73951
114.08844
75.46995
62.862316
125.28305
81.43219
155.12473
75.692665
89.71483
70.43859
57.606804
65.513336
48.740067
52.02211
110.16713
68.55574
123.05375
162.40887
119.52711
83.78461
79.70694
166.61649
96.26395
88.34034
97.99914
114.58884
47.740406
73.986115
71.167076
41.53051
73.20682
83.31159
93.73898
69.59588
101.68412
112.0146
124.62766
152.6772
124.25231
77.59153
41.406673
52.07967
51.38159
50.048042
72.24975
72.90078
93.27827
95.25893
60.672867
230.56277
371.78516
169.17764
99.64969
126.91308
126.98438
42.469864
54.42648
47.99956
93.661995
62.866905
79.67737
94.185196
139.8478
93.85204
81.91307
180.30237
228.69841
84.68912
59.83974
117.73767
69.679825
44.93363
93.61713
65.08414
66.27842
81.98975
49.84275
101.41068
69.198204
86.13148
80.18275
43.545666
108.25301
80.70296
115.0437
78.77293
138.6892
109.386154
84.86277
82.46633
38.57955
51.862396
137.9655
106.26039
93.65795
70.90123
127.16306
70.81062
63.75321
81.43175
57.10266
34.936916
42.03378
97.27946
101.87051
85.67053
126.180885
57.74862
145.33813
105.41714
76.08896
84.23757
123.93218
110.07228
145.84308
150.36348
142.93852
128.02473
130.89372
117.66551
118.48117
123.59032
54.45244
94.44205
106.754585
94.14819
108.89374
91.845764
60.375214
79.3553
100.86076
132.00003
166.73398
146.71458
156.38695
125.30953
110.95859
98.8226
69.009056
60.288437
73.56091
55.52569
107.13918
105.618416
153.41638
133.30942
134.44385
75.90886
124.4042
121.05145
122.53233
93.65506
76.01498
102.764435
64.92204
77.85192
107.05801
86.286575
120.18067
132.95117
110.04715
126.7826
113.08394
101.41875
109.062805
102.3706
89.38601
105.6679
93.39446
135.13992
107.396736
106.78497
86.43805
85.01626
140.68695
123.78846
148.24474
99.86362
99.2069
104.62684
112.302925
132.46632
115.44582
119.97347
79.13023
113.47828
94.499435
73.99704
105.047485
109.53024
146.91643
160.88734
247.3493
199.79845
106.70216
62.76458
112.100685
136.42207
77.7725
133.23624
68.2837
92.15151
98.15431
101.16756
101.04791
131.49948
143.58102
181.70703
120.68901
62.32222
127.04481
122.61466
116.48059
115.09001
107.83412
139.83723
68.73297
107.2737
73.43069
75.95164
88.554474
81.74351
63.400845
70.03739
67.59748
87.97591
113.183945
157.49126
87.200485
72.21376
75.8117
127.42666
60.0441
97.89346
89.01272
125.8243
115.93676
167.14308
112.25799
98.18398
80.84907
47.48612
86.12514
95.00152
92.88148
106.428055
91.49744
149.59302
78.76067
107.10424
64.72699
70.67181
109.560585
137.74562
85.63104
116.40691
129.86238
94.87776
70.87532
56.34119
112.30667
89.00788
104.86516
145.3599
74.210365
104.526375
78.980545
129.24854
102.61088
94.378044
71.17207
97.902405
79.32865
60.55398
88.48246
71.69006
124.85148
70.13506
83.3118
155.21036
102.9661
128.19594
95.13586
120.708885
109.01466
129.30583
141.77634
80.83464
95.715416
118.982704
116.79298
83.74857
90.52348
99.75252
121.358536
118.13923
95.07078
80.84507
64.39648
96.13157
121.30626
190.51758
145.20871
112.06602
74.54949
63.077057
101.52443
80.6176
52.264385
82.42866
121.54237
93.718925
64.96045
81.873276
62.0004
90.696915
93.314384
143.46933
160.98189
107.51278
65.27496
90.06449
98.06038
74.375496
102.2215
107.5201
53.105045
94.971214
20.49402
59.959827
48.485817
85.92814
110.33471
64.93669
155.06238
101.95464
63.85795
98.02678
108.944046
79.18912
97.953865
101.43308
77.60331
71.09194
72.950516
70.982796
87.20102
98.23121
38.291832
113.39291
121.67429
104.654884
123.51905
81.33618
78.47213
47.915302
68.22923
39.397606
52.879875
96.53468
54.990147
84.17987
42.57385
86.99186
109.88062
114.09626
99.673225
148.13594
133.03204
120.00805
165.12448
96.68085
84.33043
76.33692
87.3471
95.20396
44.929512
89.292656
48.010548
56.816483
55.337917
31.165958
78.1253
59.2134
81.59101
75.795525
61.18799
68.99338
85.09291
141.20454
107.08692
98.7889
61.717655
55.949272
89.79327
67.16497
71.31138
53.47957
112.04933
84.57701
51.643375
90.2488
73.76996
87.072174
94.53339
73.74738
81.567696
129.66927
62.74851
90.54279
55.46997
81.1809
101.293755
64.26406
116.2661
123.55141
89.14726
75.99953
56.68026
86.04789
64.30444
112.9116
89.54449
127.077225
93.98656
84.13261
84.47094
75.53629
58.958534
72.9071
105.76168
63.3643
86.901344
43.033455
114.53371
86.6397
83.46129
103.95709
110.57809
129.47313
95.46661
124.41407
90.555626
93.02079
108.46825
76.60893
90.25897
83.687805
92.06807
83.950836
116.80083
90.66157
114.10105
77.31479
49.818768
132.79317
84.877716
102.73877
106.2043
105.52528
106.35472
113.63874
86.70658
116.162384
103.68115
63.799683
107.02003
94.40952
128.40224
105.93162
82.72027
94.6598
92.016304
57.370213
90.167274
89.984634
131.53201
94.69232
95.68581
78.09085
61.003395
71.2773
92.549446
76.46801
105.36549
79.404854
86.59584
106.62493
57.90598
81.598076
102.893745
101.12167
111.41438
105.99312
112.2369
93.121346
80.47809
84.59248
80.60836
88.4215
66.174034
97.864655
97.500824
175.88414
99.942154
103.075096
69.394516
152.42879
159.75034
165.15114
91.09673
95.69165
105.188995
85.333435
104.373665
118.90948
143.21552
93.04873
114.60009
115.644936
71.46881
104.40249
77.60676
88.345764
97.161285
80.5781
58.234215
90.047966
103.400635
64.41002
82.912926
55.45703
120.064095
66.42031
83.78492
112.10744
83.46462
132.6603
99.040184
124.94763
112.80217
113.53983
112.01828
121.549164
90.641014
90.70145
105.676285
84.57614
114.12742
89.650795
78.87435
101.27717
46.6454
114.47093
84.88417
104.719025
94.51084
64.82037
60.66018
54.5848
60.32337
81.02528
102.56597
76.55773
114.60992
85.15585
67.5755
80.3179
63.490314
88.284325
63.22095
100.40162
92.35867
122.46802
98.41723
108.05493
117.443535
78.496574
110.96773
79.723366
110.47315
53.66976
37.88141
60.03849
71.14305
76.78164
86.151054
111.57043
95.85593
107.36939
115.274704
74.361534
73.14602
87.556915
66.128654
71.35254
91.33348
55.71732
10.861449
76.65877
51.44593
54.16031
63.626648
33.193233
31.782026
27.503214
36.533478
76.21412
67.09446
43.508717
46.745148
41.18475
34.692375
56.402565
68.350716
97.65123
119.9631
126.20173
108.27096
108.18936
118.727
124.259026
106.47124
141.01595
268.59857
198.10735
155.92355
153.65184
194.22653
143.7239
130.99765
112.90556
98.892006
127.72025
69.38242
141.82587
98.314316
84.8951
102.89726
207.9134
218.6368
134.1675
105.061455
145.53874
87.34177
94.3009
158.3842
57.768612
90.417
92.14365
125.946236
99.114174
91.9782
100.92035
112.73916
115.36952
103.89425
148.33066
107.13086
112.70164
116.37738
96.50307
100.16832
82.908066
103.91651
60.537468
80.33008
68.61876
137.31227
112.82872
98.40166
123.55828
94.44657
145.18474
187.3133
231.8643
246.14835
137.32768
166.39703
102.697754
88.885254
106.77276
126.29739
229.65463
133.93477
96.43541
101.19838
130.019
264.8504
360.07718
993.53754
673.0696
247.62257
199.33919
141.12738
82.45599
109.34975
97.420296
74.865524
96.9876
128.99446
176.10326
145.32663
133.49817
592.3671
1731.0358
1784.4689
267.0799
190.6354
150.07251
164.63344
96.98224
103.6894
88.35456
93.03385
121.79488
112.10775
162.1503
125.36777
156.8156
212.06891
359.61194
253.88339
270.9127
294.06213
212.51013
141.92221
79.658394
70.46567
94.859566
78.946266
96.34322
88.605316
74.96147
79.18992
122.09251
128.81932
101.28906
106.25544
95.189804
152.4219
245.36122
117.28607
80.58159
78.22792
144.26364
82.576866
87.77575
123.9491
95.836555
101.66679
93.98526
96.13828
131.50783
93.8565
136.13283
192.74211
188.22983
169.0453
104.88465
96.25694
84.02995
101.12374
118.216324
127.208984
144.18596
103.42006
115.829605
85.35857
123.527916
120.16328
166.64352
133.5656
136.32544
132.78131
140.65614
80.945755
119.10621
119.57475
88.97555
112.210304
109.91599
122.08496
120.1595
113.06489
103.76096
141.44943
119.70447
140.69098
129.0793
444.20013
629.80634
140.0659
72.421646
97.436455
138.41936
102.49395
124.41236
110.13321
113.33532
99.40707
175.34029
107.6595
140.47887
153.04118
93.64455
234.15388
335.5589
143.11386
125.12384
104.210884
199.80968
105.63739
122.772484
121.31791
97.31783
138.4967
114.11953
113.951645
106.007576
119.4697
145.46275
77.692604
80.14159
74.93052
99.04376
118.59844
133.55081
67.716
129.75684
93.78476
87.70055
107.99256
120.2078
76.56619
65.2078
80.62885
84.14236
76.75902
89.76075
67.86367
82.33916
34.397648
130.40384
72.92037
74.40119
82.854836
112.850075
115.1814
90.08543
73.728836
118.04491
39.89859
98.7568
85.586174
60.486275
61.76912
58.01347
259.14517
274.16357
76.88259
77.58335
104.85656
72.35215
53.743454
65.40978
89.22707
72.0709
47.31003
103.35906
214.34474
154.42969
126.878334
64.59054
90.90193
88.76244
128.47696
121.798676
144.7077
119.78158
126.4034
132.2692
113.17838
109.60752
145.99706
178.4618
142.0171
126.57493
98.37218
91.15118
113.79349
120.62541
112.78888
118.96034
103.61744
76.79644
63.68553
101.45607
84.086136
72.20016
168.46834
106.59303
83.70218
117.377106
93.11558
76.80106
85.61271
121.149086
129.52101
77.89878
110.502594
97.15868
74.30746
103.83465
71.16546
114.59259
110.97524
72.25111
118.05967
136.58783
101.48527
104.78279
95.317986
111.8158
115.16427
114.737236
116.712265
120.94252
88.5448
107.979225
126.83524
102.6161
119.03237
130.72125
138.6025
141.2398
79.546776
96.49726
90.3685
85.02505
79.23894
126.152466
129.97673
121.751366
100.53147
93.020584
93.9793
75.17605
146.0745
135.60925
110.881584
140.94661
129.5239
94.97748
112.973885
129.07454
75.714874
122.184296
145.39294
132.79483
123.68929
137.11531
122.06921
126.64158
182.62764
138.71198
95.206726
184.25458
72.19717
90.20795
107.41923
104.40594
75.927574
122.82894
102.10648
110.69528
88.912094
111.36311
123.46522
138.36465
157.97705
106.81755
110.64002
141.05588
71.89685
87.427124
103.74962
81.59756
79.97137
108.44259
70.74742
153.07394
102.86729
95.26996
77.54518
108.21137
109.56701
111.2793
107.875244
139.46843
79.16621
115.591934
80.44288
87.35716
78.26438
75.25034
80.65179
113.88709
140.3461
133.43951
132.73424
95.41058
140.3074
110.84065
84.13741
196.20518
95.01292
107.68765
101.43695
86.67912
125.55754
125.97796
108.60774
105.45014
96.15875
104.67672
104.59518
149.72429
111.4058
112.7595
119.49337
185.85443
162.63979
132.13934
118.90721
92.21208
170.86136
155.68874
99.40089
120.74034
112.46348
110.10312
101.65132
117.248566
196.65662
83.37223
109.956024
179.6732
104.347145
106.10826
97.12134
103.9815
125.3413
135.39743
124.77015
115.5472
115.424324
122.79646
141.5836
126.30817
134.87202
99.50488
64.23322
124.300995
71.35364
97.25179
97.50474
94.736664
109.62055
123.51578
115.91171
100.2534
96.23813
112.034485
84.458855
78.68609
95.450096
93.87178
111.78771
121.61816
92.91234
86.93619
64.22103
118.76734
115.65204
66.655624
74.07738
90.760635
181.93597
126.58605
139.37173
100.802414
66.2374
85.67906
53.98548
51.826153
63.539783
90.96773
105.44447
135.51813
93.91504
110.471985
57.725533
95.85209
62.385597
92.40869
69.65485
58.37194
94.55911
54.399956
36.013206
76.40057
37.221462
42.514565
70.508156
107.03269
86.31052
63.545223
51.901333
62.6597
52.75509
73.7728
62.694927
55.408447
68.580635
48.175056
46.408924
63.322456
28.400812
73.07477
59.267094
20.408556
105.934135
44.31626
107.15659
83.804375
71.92266
277.46155
181.61963
241.75598
248.32335
358.9971
218.70302
304.4152
181.99303
140.56259
300.42853
241.00417
199.80843
309.49887
208.88136
200.35623
252.99707
105.251625
255.58508
480.9804
512.40985
302.90524
228.28929
417.0119
282.55054
289.90845
363.10623
326.69815
535.42694
500.99063
177.67586
284.98203
378.8211
307.3506
266.76385
206.25352
388.16464
547.3294
342.80865
233.37529
854.7645
354.9848
456.96844
510.8793
297.34448
404.12198
234.34079
637.7258
385.39825
126.012924
399.81506
395.6158
263.19284
305.73495
350.00726
126.83585
559.602
493.3034
541.66003
236.80411
271.7803
695.948
509.0851
726.83496
635.9241
282.5502
592.4178
620.43506
643.47943
198.92073
407.27185
750.0431
802.8098
952.0633
798.46313
415.6097
608.23096
826.7156
704.7249
890.1139
1182.9296
584.8088
665.5719
410.98776
930.7501
337.0703
410.52716
1279.2479
835.05835
762.44147
215.68544
420.20566
375.02075
246.37236
692.09467
422.06943
948.02155
452.6034
435.8867
852.495
335.42752
231.50554
1023.0438
513.7039
1217.3942
858.1914
722.1856
776.39844
521.90936
262.2104
869.56573
1196.2059
820.3392
726.5571
499.23642
550.1663
651.5541
779.48926
629.22284
298.7332
907.98975
764.85913
359.96082
923.6369
591.8632
175.41864
510.06885
761.4463
546.0881
462.94327
895.7893
418.18665
368.56955
819.35046
219.3178
785.97626
1186.9474
319.57718
837.654
1041.1014
1153.9038
648.9827
307.4761
984.5438
316.53622
531.9751
633.95624
799.67206
701.1449
867.3805
438.07214
266.9915
991.26556
817.52185
770.6401
1070.5695
884.6634
883.04724
873.7623
1334.2201
823.73364
901.06226
1435.76
771.2026
749.92786
477.15106
401.1981
310.36417
1193.0238
948.8204
945.33093
1058.9587
1551.6688
458.9785
766.97125
687.9637
1102.931
980.585
1092.3164
588.7896
1217.4194
869.7914
711.10846
593.4346
857.3626
432.2805
296.9738
870.1356
788.1662
793.69006
644.81824
1503.5825
862.87744
1012.1099
753.5532
734.7675
496.65918
968.4818
598.113
712.93555
899.80304
921.8701
1238.271
1044.2654
1039.0868
1064.033
1408.208
829.8499
541.8456
772.80994
761.44086
750.98914
485.1865
763.18445
488.68158
664.3034
613.1634
420.57162
1050.3629
1304.7189
1424.6489
1107.6257
990.8989
958.3056
763.4346
753.7146
369.61465
664.93823
449.14856
315.5108
445.64804
676.9518
402.13992
603.4725
860.4806
908.4098
480.38263
921.309
1241.0889
836.0137
607.3891
669.9617
431.39374
371.59628
414.33688
579.8047
920.0286
586.4182
1069.2615
1112.9491
800.4498
238.14522
610.5758
892.4107
316.8497
1144.9395
1622.3944
1607.4866
2009.4866
1487.3826
1919.6498
1540.5131
976.25336
1768.59
863.82904
1118.1368
854.09064
1266.7987
1495.3489
1692.8995
663.23224
1074.6035
1139.0189
1969.3916
1348.903
1109.9993
1624.0034
1677.5806
1567.8551
547.742
1490.7861
1657.7706
1098.469
2384.3547
1516.5323
1584.9358
417.85712
412.05344
1042.4869
1841.348
2060.6912
2352.4211
1772.1646
1558.3375
2208.5386
1034.6901
560.2814
1014.9622
1255.6558
893.24927
997.4513
1748.298
1141.462
1145.8424
1205.1658
1692.5023
1639.4144
1579.9237
1483.3816
2266.01
878.5591
1323.2793
1530.7642
587.1858
883.2106
1086.8175
1153.3558
1404.703
1672.7986
1785.6245
1370.8405
644.1598
1587.704
2984.973
1829.8823
2384.365
2944.384
2342.3196
1939.4803
1534.8661
1298.3912
1960.9198
1220.0371
1557.3853
972.6687
1444.7799
1897.9685
800.7933
1024.8596
1189.8278
706.27625
2231.828
1471.9003
847.39996
1470.9781
1581.5973
800.81836
812.3957
1920.7723
1075.5204
2101.0105
873.4744
1136.9941
1952.9393
714.4529
748.31055
476.93057
770.6105
1567.635
1872.0776
1721.5183
1939.7218
1363.041
2291.9617
1556.6945
1660.3788
1904.0343
2028.5931
1330.1498
999.51154
973.13776
847.8514
1497.3387
1303.5647
1474.064
1555.6885
1285.575
1643.8844
1383.3142
1516.335
1820.6923
1604.2144
1576.7664
1495.6578
1306.92
886.64484
1850.6642
2272.7104
1437.5374
1242.1334
1071.7933
1355.2247
1579.6073
796.50653
1050.0293
781.9453
1253.7369
1695.5349
2216.9756
2101.0466
1096.3104
1264.9011
1353.442
1524.0762
1451.2631
2060.6787
1472.5135
913.08203
1440.4038
905.7675
1367.1013
2604.8154
2259.764
1224.053
1592.2783
1595.1124
1731.8153
1502.445
1108.5077
2587.187
905.2647
1532.2902
2289.4114
1112.2112
1946.4282
2087.2224
1138.8721
1954.5464
2332.9053
2158.1677
549.3407
729.84344
1732.3218
1908.4026
2154.3838
875.8842
1157.9031
1142.5338
2179.114
1493.2091
1889.7723
2233.2559
1738.2682
2284.4114
1758.3252
662.7126
2103.7048
2478.4644
2229.7495
2083.2542
1846.7809
1017.8799
1511.3296
2158.5894
1837.5154
1329.888
1827.3556
2376.6204
1662.2919
1861.4945
1371.4639
797.45044
1882.293
2092.4294
2282.8882
1639.1516
1460.0227
1239.2977
1232.5201
1552.6052
2010.8333
801.46643
1000.73505
877.7393
991.0726
954.6828
1543.8208
815.5624
2387.076
2531.3936
1083.0492
1572.7048
1353.9116
911.1586
1408.2502
878.4137
1461.3026
1012.0158
1227.24
313.68628
629.92566
514.00757
196.72325
302.97983
991.5185
1489.3578
1833.922
902.94965
1014.98065
1890.348
1558.8467
845.91473
1527.4995
139.10173
164.69135
72.68644
47.589954
67.66017
145.80873
163.40901
138.77617
146.76678
191.97908
169.25708
169.95703
140.44272
162.20634
183.70015
200.87448
182.21059
74.582886
68.28516
90.00357
67.91201
112.72591
85.071014
64.00333
64.768585
63.337242
108.44567
72.274895
109.49972
119.804344
113.61799
149.15204
76.485794
71.68174
63.951817
56.51997
68.17668
77.19128
57.929398
104.51416
87.57554
48.62534
63.8188
50.056858
55.42463
37.9709
68.0184
91.79955
189.51138
102.8422
111.710464
99.625435
155.65132
109.840576
139.05984
164.63513
161.23103
132.53342
141.7665
148.84848
143.73134
198.88165
85.09285
135.19977
66.36396
67.02212
74.64656
81.7675
70.08109
69.673454
86.0312
72.61375
73.19791
81.14807
57.14838
108.81246
64.79891
59.42174
71.08829
70.32584
178.21996
136.94853
128.07326
87.74958
142.66702
111.91575
129.89105
152.67862
131.86177
95.23992
136.43253
130.07828
160.35364
162.51631
128.25351
161.76735
160.73778
104.2875
155.3305
117.7726
114.539894
126.60739
130.8882
134.7877
107.47591
113.237724
122.29037
175.51994
112.08573
189.97311
116.46807
137.16237
183.6875
89.60632
79.56209
79.515305
111.77976
85.4423
86.999176
123.90835
91.56973
108.29525
108.88092
85.97818
72.158035
100.014336
92.3417
91.997894
118.43659
72.33521
84.168755
91.22719
128.12299
87.17058
73.89877
82.44258
115.79298
61.66363
85.250275
119.96579
85.708916
145.48589
105.76408
108.4608
192.93187
87.3253
104.468155
155.98936
150.56908
150.5041
155.83989
95.9531
144.55147
134.9127
156.35728
127.9225
125.46184
128.27328
164.39175
115.64678
173.55487
78.129974
114.6864
110.44902
157.42487
162.97786
126.63572
103.625145
120.38206
94.14755
123.480644
157.54506
156.18335
104.47048
96.86644
131.2552
172.67345
72.45534
99.81315
81.75128
100.01903
90.9811
60.287586
81.426506
120.13892
55.731037
88.40466
122.96091
80.27001
85.267296
105.482834
80.60378
171.41386
109.37592
90.73476
108.398125
144.67152
132.99072
92.215385
107.098915
134.96286
103.23228
96.63565
118.64386
89.43595
155.92218
156.88965
149.50916
177.49113
95.26697
120.1379
106.9769
123.13837
124.13251
149.81378
103.34237
128.03296
109.827835
96.38921
97.266106
120.68182
108.28732
98.74821
120.78845
69.77102
82.68113
74.97946
89.15999
120.63833
89.32366
85.15927
115.981895
112.11248
59.577667
95.60851
78.12979
102.79612
110.02133
110.57038
102.43089
114.61172
81.6439
103.07811
130.56511
104.90161
127.73284
113.61338
122.71624
98.44459
70.41374
102.18573
100.543816
95.36789
144.0513
117.2012
77.20967
